1622414252.740000,157.223829,1235.183911,345.967526,-0.172034,0.973867,0.148283,-0.984665,-0.174428,0.003193,0.028974,-0.145460,0.988940,-0.003229,0.148832,-1.745643
1622414252.766000,173.846552,1224.036962,345.147636,-0.182416,0.972687,0.143540,-0.983220,-0.180230,-0.028203,-0.001563,-0.146276,0.989243,0.028502,0.144037,-1.756181
1622414252.810000,177.182889,1221.562144,345.242059,-0.182349,0.972774,0.143036,-0.983221,-0.179653,-0.031654,-0.005095,-0.146408,0.989211,0.031988,0.143528,-1.756098
1622414252.817000,180.965469,1218.096490,344.713736,-0.185685,0.972581,0.140026,-0.982545,-0.182151,-0.037756,-0.011215,-0.144592,0.989428,0.038141,0.140487,-1.759446
1622414252.826000,182.190084,1217.423412,344.049898,-0.186261,0.972647,0.138797,-0.982401,-0.182361,-0.040415,-0.013998,-0.143882,0.989496,0.040821,0.139247,-1.760004
1622414252.832000,182.554397,1216.401317,344.490318,-0.186643,0.972626,0.138429,-0.982317,-0.182645,-0.041153,-0.014743,-0.143662,0.989517,0.041565,0.138875,-1.760387
1622414252.841000,183.215293,1215.492719,344.581116,-0.187000,0.972696,0.137455,-0.982181,-0.182458,-0.045047,-0.018737,-0.143429,0.989483,0.045494,0.137891,-1.760728
1622414252.852000,184.041195,1214.758693,344.159952,-0.187717,0.972767,0.135968,-0.982009,-0.182977,-0.046666,-0.020516,-0.142282,0.989614,0.047121,0.136390,-1.761425
1622414252.861000,185.019124,1213.941208,343.626565,-0.187894,0.973116,0.133195,-0.981855,-0.182558,-0.051313,-0.025618,-0.140420,0.989761,0.051797,0.133592,-1.761534
1622414252.871000,185.940408,1213.157006,343.396386,-0.188538,0.972940,0.133570,-0.981710,-0.183054,-0.052323,-0.026457,-0.140992,0.989657,0.052821,0.133970,-1.762205
1622414252.881000,186.105655,1211.900094,344.160867,-0.189417,0.972739,0.133793,-0.981525,-0.183828,-0.053070,-0.027029,-0.141373,0.989587,0.053578,0.134195,-1.763115
1622414252.891000,186.719023,1210.903604,344.048072,-0.190677,0.972661,0.132565,-0.981301,-0.185247,-0.052271,-0.026285,-0.140053,0.989795,0.052761,0.132957,-1.764378
1622414252.902000,187.670301,1210.082200,343.496609,-0.191701,0.972807,0.129990,-0.980978,-0.185798,-0.056228,-0.030547,-0.138296,0.989920,0.056739,0.130359,-1.765363
1622414252.910000,188.284231,1209.052935,343.518069,-0.191771,0.972752,0.130300,-0.980896,-0.185552,-0.058421,-0.032652,-0.139015,0.989752,0.058957,0.130672,-1.765443
1622414252.928000,188.938335,1208.025560,343.498121,-0.191197,0.973155,0.128115,-0.980928,-0.184787,-0.060290,-0.034997,-0.137199,0.989925,0.060828,0.128469,-1.764797
1622414252.933000,189.692319,1207.139743,343.445850,-0.191381,0.972925,0.129577,-0.980921,-0.184994,-0.059765,-0.034176,-0.138542,0.989767,0.060310,0.129942,-1.765024
1622414252.940000,190.369624,1206.200922,343.343722,-0.191437,0.973096,0.128206,-0.980854,-0.184913,-0.061102,-0.035752,-0.137448,0.989864,0.061650,0.128560,-1.765045
1622414252.951000,191.227395,1205.288612,343.197486,-0.190860,0.973343,0.127181,-0.980875,-0.184072,-0.063258,-0.038162,-0.136822,0.989860,0.063819,0.127526,-1.764427
1622414252.960000,191.890225,1204.242960,343.270432,-0.191137,0.973588,0.124872,-0.980632,-0.183863,-0.067496,-0.042754,-0.135355,0.989874,0.068081,0.125199,-1.764653
1622414252.970000,192.913978,1203.483008,342.505882,-0.190710,0.973825,0.123671,-0.980624,-0.183246,-0.069257,-0.044782,-0.134482,0.989904,0.069850,0.123988,-1.764185
1622414252.981000,193.119365,1202.357713,343.004417,-0.191813,0.973505,0.124480,-0.980337,-0.184063,-0.071135,-0.046338,-0.135677,0.989669,0.071754,0.124804,-1.765338
1622414252.990000,193.694203,1201.305884,342.649671,-0.192448,0.973564,0.123036,-0.980200,-0.184759,-0.071219,-0.046604,-0.134305,0.989844,0.071826,0.123348,-1.765954
1622414253.000000,194.126930,1200.208426,342.746440,-0.193443,0.973636,0.120886,-0.979745,-0.185200,-0.076168,-0.051772,-0.133171,0.989740,0.076806,0.121182,-1.766923
1622414253.010000,195.165987,1199.380418,341.947313,-0.193405,0.973735,0.120147,-0.979673,-0.185020,-0.077517,-0.053251,-0.132697,0.989725,0.078162,0.120438,-1.766867
1622414253.020000,195.340662,1198.114177,342.370583,-0.193929,0.973841,0.118430,-0.979524,-0.185563,-0.078103,-0.054083,-0.131151,0.989886,0.078738,0.118709,-1.767363
1622414253.030000,196.220363,1197.242507,341.923979,-0.193129,0.974057,0.117961,-0.979486,-0.184350,-0.081376,-0.057519,-0.131257,0.989678,0.082040,0.118236,-1.766530
1622414253.040000,196.686524,1196.082744,342.067845,-0.192564,0.974115,0.118405,-0.979699,-0.183993,-0.079596,-0.055750,-0.131329,0.989770,0.080246,0.118684,-1.765961
1622414253.050000,197.336605,1195.097599,341.891271,-0.192181,0.974466,0.116117,-0.979398,-0.182972,-0.085443,-0.062015,-0.130146,0.989554,0.086131,0.116380,-1.765514
1622414253.061000,198.272776,1194.303569,341.185327,-0.192379,0.974820,0.112767,-0.978869,-0.182509,-0.092233,-0.069329,-0.128128,0.989331,0.092958,0.113007,-1.765641
1622414253.070000,198.488074,1192.886278,341.678592,-0.191998,0.974752,0.114000,-0.979068,-0.182251,-0.090611,-0.067546,-0.129011,0.989340,0.091332,0.114249,-1.765278
1622414253.081000,199.113242,1191.965057,341.268895,-0.190951,0.975076,0.112983,-0.979452,-0.181657,-0.087606,-0.064899,-0.127390,0.989727,0.088285,0.113225,-1.764181
1622414253.090000,199.594076,1190.780979,341.472314,-0.190635,0.975409,0.110619,-0.979044,-0.180693,-0.093932,-0.071634,-0.126207,0.989414,0.094653,0.110846,-1.763805
1622414253.107000,200.166205,1189.765083,340.970808,-0.190127,0.975565,0.110110,-0.979422,-0.180743,-0.089804,-0.067708,-0.124919,0.989854,0.090477,0.110334,-1.763273
1622414253.113000,200.392045,1188.496591,340.875359,-0.191948,0.975353,0.108828,-0.978910,-0.182377,-0.092050,-0.069934,-0.124202,0.989789,0.092733,0.109044,-1.765111
1622414253.120000,200.778492,1187.491849,340.896474,-0.191413,0.975733,0.106331,-0.978646,-0.181463,-0.096557,-0.074919,-0.122542,0.989632,0.097261,0.106532,-1.764510
1622414253.131000,201.010190,1186.276845,340.858185,-0.192465,0.975809,0.103702,-0.978542,-0.182927,-0.094830,-0.073566,-0.119728,0.990077,0.095489,0.103889,-1.765534
1622414253.140000,201.377207,1185.192888,340.552638,-0.192449,0.975884,0.103024,-0.978371,-0.182697,-0.097017,-0.075855,-0.119466,0.989936,0.097691,0.103207,-1.765503
1622414253.150000,201.530432,1184.036041,341.111537,-0.192703,0.976419,0.097319,-0.977724,-0.182653,-0.103414,-0.083200,-0.115080,0.989866,0.104095,0.097474,-1.765649
1622414253.167000,201.901185,1182.839566,340.648801,-0.193154,0.976186,0.098752,-0.977559,-0.182841,-0.104633,-0.084085,-0.116746,0.989596,0.105342,0.098913,-1.766139
1622414253.172000,201.979742,1181.521456,340.801417,-0.194657,0.976422,0.093324,-0.977089,-0.184679,-0.105787,-0.086058,-0.111778,0.990000,0.106452,0.093460,-1.767574
1622414253.181000,202.188785,1180.663879,340.614935,-0.195528,0.976527,0.090357,-0.976494,-0.185340,-0.110040,-0.090710,-0.109749,0.989812,0.110718,0.090481,-1.768411
1622414253.190000,202.860015,1179.366657,339.964791,-0.195153,0.976403,0.092478,-0.976673,-0.184859,-0.109253,-0.089580,-0.111642,0.989703,0.109945,0.092611,-1.768066
1622414253.200000,203.188036,1178.324320,339.759944,-0.195540,0.976442,0.091236,-0.976462,-0.185217,-0.110528,-0.091026,-0.110701,0.989676,0.111221,0.091363,-1.768440
1622414253.210000,203.019098,1177.103494,340.076428,-0.195882,0.976502,0.089854,-0.976428,-0.185752,-0.109929,-0.090656,-0.109270,0.989870,0.110601,0.089976,-1.768765
1622414253.221000,203.085888,1176.088069,340.048716,-0.196632,0.976533,0.087859,-0.976104,-0.186513,-0.111511,-0.092508,-0.107686,0.989872,0.112179,0.087972,-1.769496
1622414253.230000,203.097795,1175.071055,339.876530,-0.197094,0.976649,0.085498,-0.976152,-0.187400,-0.109582,-0.091001,-0.105057,0.990294,0.110208,0.085603,-1.769928
1622414253.240000,203.179529,1173.880455,339.866570,-0.197182,0.976754,0.084083,-0.975735,-0.187200,-0.113569,-0.095188,-0.104437,0.989966,0.114221,0.084183,-1.769994
1622414253.251000,203.282425,1172.787116,339.452289,-0.197273,0.976809,0.083225,-0.976119,-0.187836,-0.109125,-0.090962,-0.102765,0.990538,0.109725,0.083322,-1.770073
1622414253.260000,203.389948,1171.617954,339.351021,-0.197433,0.976939,0.081307,-0.975952,-0.188059,-0.110238,-0.092405,-0.101117,0.990574,0.110831,0.081397,-1.770204
1622414253.271000,203.578842,1170.419386,339.351980,-0.197616,0.977189,0.077781,-0.975190,-0.187896,-0.117042,-0.099757,-0.098980,0.990076,0.117669,0.077859,-1.770334
1622414253.280000,203.561594,1169.325107,339.286583,-0.197825,0.977166,0.077536,-0.975419,-0.188403,-0.114291,-0.097073,-0.098240,0.990417,0.114889,0.077614,-1.770545
1622414253.290000,203.695779,1168.093480,339.287129,-0.197447,0.977461,0.074730,-0.974926,-0.187809,-0.119364,-0.102639,-0.096424,0.990034,0.119987,0.074800,-1.770114
1622414253.300000,203.848932,1166.989613,339.115798,-0.197872,0.977428,0.074035,-0.975023,-0.188486,-0.117487,-0.100880,-0.095434,0.990311,0.118085,0.074103,-1.770538
1622414253.310000,203.872404,1166.085012,339.041044,-0.197836,0.977512,0.073017,-0.975244,-0.188774,-0.115168,-0.098795,-0.093994,0.990659,0.115735,0.073082,-1.770486
1622414253.321000,204.081865,1165.116990,338.899880,-0.197589,0.977745,0.070520,-0.974996,-0.188551,-0.117608,-0.101694,-0.091994,0.990553,0.118176,0.070578,-1.770197
1622414253.331000,204.481325,1164.232648,338.368552,-0.197384,0.977924,0.068589,-0.974865,-0.188428,-0.118887,-0.103338,-0.090332,0.990536,0.119451,0.068643,-1.769960
1622414253.340000,204.278096,1162.955708,338.649274,-0.196419,0.978233,0.066927,-0.975122,-0.187730,-0.117875,-0.102745,-0.088414,0.990771,0.118416,0.066977,-1.768951
1622414253.351000,204.486902,1161.834970,338.354668,-0.195952,0.978499,0.064360,-0.974987,-0.187387,-0.119528,-0.104898,-0.086172,0.990743,0.120065,0.064405,-1.768440
1622414253.360000,204.599417,1160.621242,337.965124,-0.195655,0.978680,0.062483,-0.975287,-0.187517,-0.116843,-0.102635,-0.083799,0.991183,0.117341,0.062523,-1.768112
1622414253.370000,204.515601,1159.286094,338.235727,-0.194746,0.979009,0.060128,-0.974885,-0.186444,-0.121811,-0.108044,-0.082340,0.990730,0.122337,0.060165,-1.767154
1622414253.380000,204.655302,1158.046832,337.789413,-0.194982,0.979044,0.058780,-0.974672,-0.186722,-0.123083,-0.109528,-0.081290,0.990654,0.123611,0.058814,-1.767380
1622414253.390000,204.308495,1156.696229,337.980366,-0.195118,0.979104,0.057315,-0.974467,-0.186911,-0.124410,-0.111097,-0.080126,0.990574,0.124939,0.057346,-1.767502
1622414253.400000,204.258641,1155.556277,337.654580,-0.196415,0.979079,0.053153,-0.974039,-0.188606,-0.125204,-0.112560,-0.076365,0.990706,0.125713,0.053178,-1.768780
1622414253.410000,203.811518,1154.464514,337.924145,-0.196178,0.979149,0.052739,-0.973981,-0.188355,-0.126034,-0.113472,-0.076091,0.990623,0.126547,0.052763,-1.768534
1622414253.420000,203.679337,1153.410088,337.676077,-0.196492,0.979153,0.051478,-0.974017,-0.188893,-0.124937,-0.112609,-0.074690,0.990828,0.125432,0.051501,-1.768842
1622414253.431000,203.506961,1152.296886,337.634081,-0.196512,0.979269,0.049145,-0.973718,-0.189022,-0.127058,-0.115134,-0.072821,0.990677,0.127557,0.049164,-1.768838
1622414253.440000,203.385593,1151.077052,337.413841,-0.196269,0.979335,0.048799,-0.973971,-0.188955,-0.125207,-0.113399,-0.072103,0.990930,0.125687,0.048819,-1.768586
1622414253.449000,203.384522,1150.014626,337.272570,-0.195878,0.979521,0.046588,-0.973671,-0.188620,-0.128014,-0.116605,-0.070436,0.990678,0.128506,0.046605,-1.768166
1622414253.460000,203.362094,1148.805854,337.258376,-0.195665,0.979617,0.045459,-0.973815,-0.188616,-0.126922,-0.115761,-0.069103,0.990870,0.127398,0.045475,-1.767938
1622414253.470000,203.239374,1147.687518,337.187647,-0.195082,0.979762,0.044827,-0.973867,-0.188083,-0.127308,-0.116301,-0.068491,0.990850,0.127784,0.044842,-1.767337
1622414253.480000,203.086220,1146.644703,337.102090,-0.195094,0.979892,0.041844,-0.973831,-0.188463,-0.127027,-0.116586,-0.065531,0.991016,0.127483,0.041856,-1.767324
1622414253.490000,202.940648,1145.601227,336.874700,-0.195205,0.979911,0.040850,-0.973598,-0.188586,-0.128617,-0.118330,-0.064878,0.990853,0.129083,0.040861,-1.767429
1622414253.500000,202.664825,1144.534159,336.821028,-0.195331,0.979955,0.039178,-0.973556,-0.188920,-0.128446,-0.118469,-0.063231,0.990942,0.128901,0.039188,-1.767544
1622414253.510000,202.697676,1143.498147,336.209056,-0.195595,0.979990,0.036898,-0.973311,-0.189381,-0.129620,-0.120039,-0.061266,0.990877,0.130075,0.036906,-1.767796
1622414253.520000,202.045102,1142.365494,336.012957,-0.195053,0.980138,0.035829,-0.973235,-0.188895,-0.130893,-0.121526,-0.060401,0.990749,0.131355,0.035836,-1.767236
1622414253.530000,201.543486,1141.114381,336.391096,-0.195708,0.980165,0.031232,-0.972796,-0.190014,-0.132523,-0.123960,-0.056319,0.990688,0.132980,0.031237,-1.767873
1622414253.540000,201.239633,1139.954707,336.257115,-0.195808,0.980203,0.029349,-0.972672,-0.190322,-0.132990,-0.124771,-0.054587,0.990683,0.133443,0.029353,-1.767964
1622414253.550000,200.965848,1138.889812,336.178822,-0.195674,0.980273,0.027858,-0.972559,-0.190332,-0.133801,-0.125859,-0.053275,0.990617,0.134256,0.027861,-1.767819
1622414253.560000,200.581153,1137.561479,335.969870,-0.196444,0.980130,0.027457,-0.972310,-0.191109,-0.134502,-0.126582,-0.053119,0.990533,0.134962,0.027460,-1.768602
1622414253.570000,200.200984,1136.447870,335.913961,-0.196066,0.980265,0.025288,-0.972172,-0.190946,-0.135724,-0.128216,-0.051195,0.990424,0.136188,0.025290,-1.768204
1622414253.580000,200.026036,1135.600293,335.162114,-0.197465,0.980028,0.023493,-0.972590,-0.192852,-0.129908,-0.122783,-0.048501,0.991248,0.130312,0.023495,-1.769623
1622414253.590000,199.320397,1134.305142,335.311919,-0.196846,0.980177,0.022453,-0.972494,-0.192292,-0.131454,-0.124531,-0.047711,0.991068,0.131869,0.022455,-1.768987
1622414253.600000,198.503513,1133.046250,335.383093,-0.197051,0.980175,0.020670,-0.971761,-0.192481,-0.136497,-0.129813,-0.046983,0.990425,0.136954,0.020671,-1.769188
1622414253.610000,198.326374,1131.871397,335.651019,-0.196590,0.980309,0.018617,-0.971769,-0.192281,-0.136723,-0.130451,-0.044969,0.990434,0.137177,0.018618,-1.768710
1622414253.620000,197.961557,1130.989931,335.412050,-0.196512,0.980374,0.015831,-0.971451,-0.192484,-0.138684,-0.132915,-0.042633,0.990210,0.139150,0.015832,-1.768621
1622414253.630000,197.611316,1129.958596,335.200302,-0.195971,0.980507,0.014161,-0.971555,-0.192183,-0.138368,-0.132949,-0.040874,0.990280,0.138827,0.014162,-1.768064
1622414253.640000,197.166136,1128.780495,335.176569,-0.196016,0.980523,0.012314,-0.971220,-0.192393,-0.140419,-0.135315,-0.039484,0.990016,0.140895,0.012314,-1.768105
1622414253.651000,196.685776,1127.816919,334.750913,-0.196671,0.980406,0.011136,-0.971609,-0.193357,-0.136340,-0.131516,-0.037634,0.990599,0.136775,0.011136,-1.768770
1622414253.660000,196.614525,1126.954041,333.946869,-0.196588,0.980437,0.009789,-0.971902,-0.193539,-0.133971,-0.129456,-0.035851,0.990937,0.134382,0.009789,-1.768683
1622414253.670000,195.750574,1125.775561,334.275945,-0.197026,0.980371,0.007318,-0.971373,-0.194196,-0.136828,-0.132721,-0.034067,0.990568,0.137263,0.007318,-1.769125
1622414253.680000,194.970169,1124.685489,334.354857,-0.197696,0.980242,0.006541,-0.971491,-0.195031,-0.134789,-0.130850,-0.033002,0.990853,0.135203,0.006541,-1.769807
1622414253.690000,194.183456,1123.647686,334.428132,-0.198435,0.980104,0.004408,-0.970958,-0.195966,-0.137248,-0.133654,-0.031514,0.990527,0.137684,0.004408,-1.770559
1622414253.700000,193.545322,1122.623672,334.493528,-0.198833,0.980032,0.001525,-0.970271,-0.196633,-0.141101,-0.137984,-0.029535,0.989994,0.141573,0.001525,-1.770963
1622414253.710000,192.847542,1121.703563,334.192832,-0.199566,0.979884,-0.000097,-0.970460,-0.197661,-0.138338,-0.135575,-0.027513,0.990385,0.138783,-0.000097,-1.771712
1622414253.720000,192.281093,1120.628450,334.026726,-0.199232,0.979951,-0.001807,-0.970417,-0.197549,-0.138800,-0.136374,-0.025900,0.990319,0.139250,-0.001807,-1.771371
1622414253.730000,191.816887,1119.553318,333.869912,-0.198746,0.980045,-0.003458,-0.970462,-0.197293,-0.138851,-0.136763,-0.024240,0.990307,0.139302,-0.003458,-1.770876
1622414253.740000,191.412249,1118.502827,333.712832,-0.198154,0.980155,-0.005565,-0.970469,-0.196987,-0.139237,-0.137570,-0.022190,0.990243,0.139693,-0.005565,-1.770274
1622414253.751000,191.274071,1117.577381,333.259139,-0.197168,0.980335,-0.008250,-0.970655,-0.196389,-0.138781,-0.137672,-0.019356,0.990289,0.139236,-0.008250,-1.769271
1622414253.760000,190.800512,1116.492299,333.311720,-0.195778,0.980605,-0.009190,-0.970868,-0.195137,-0.139057,-0.138153,-0.018301,0.990242,0.139515,-0.009191,-1.767855
1622414253.770000,190.715821,1115.633195,332.598022,-0.195036,0.980712,-0.012828,-0.970981,-0.194914,-0.138579,-0.138406,-0.014572,0.990268,0.139038,-0.012829,-1.767107
1622414253.780000,190.128405,1114.654349,332.491004,-0.194712,0.980751,-0.014637,-0.970981,-0.194841,-0.138683,-0.138866,-0.012791,0.990229,0.139147,-0.014637,-1.766781
1622414253.790000,189.247997,1113.586395,332.853952,-0.194060,0.980871,-0.015242,-0.971045,-0.194276,-0.139027,-0.139328,-0.012178,0.990171,0.139495,-0.015243,-1.766118
1622414253.800000,188.536831,1112.589898,332.518457,-0.193821,0.980891,-0.016943,-0.970936,-0.194269,-0.139793,-0.140414,-0.010644,0.990036,0.140273,-0.016944,-1.765881
1622414253.810000,188.009759,1111.690920,332.517695,-0.193260,0.980962,-0.019057,-0.971071,-0.194016,-0.139208,-0.140255,-0.008398,0.990080,0.139687,-0.019058,-1.765316
1622414253.820000,187.389509,1110.717071,332.396832,-0.192901,0.980992,-0.021059,-0.971057,-0.193940,-0.139415,-0.140849,-0.006444,0.990010,0.139902,-0.021061,-1.764957
1622414253.830000,186.735492,1109.670116,332.296739,-0.191950,0.981131,-0.023191,-0.971148,-0.193298,-0.139666,-0.141513,-0.004287,0.989927,0.140162,-0.023193,-1.763998
1622414253.840000,185.951504,1108.504115,332.175689,-0.190505,0.981367,-0.025014,-0.971011,-0.192120,-0.142222,-0.144378,-0.002805,0.989519,0.142751,-0.025017,-1.762534
1622414253.850000,185.540484,1107.750355,331.821749,-0.190431,0.981333,-0.026865,-0.971354,-0.192316,-0.139594,-0.142155,-0.000488,0.989844,0.140102,-0.026868,-1.762467
1622414253.860000,184.671602,1106.605315,331.969779,-0.189835,0.981451,-0.026776,-0.971194,-0.191712,-0.141521,-0.144029,-0.000861,0.989573,0.142049,-0.026779,-1.761860
1622414253.870000,183.935326,1105.708563,331.841608,-0.188868,0.981525,-0.030635,-0.971025,-0.191317,-0.143207,-0.146422,0.002700,0.989219,0.143769,-0.030640,-1.760896
1622414253.880000,182.943793,1104.668529,331.968104,-0.188542,0.981562,-0.031425,-0.971107,-0.191110,-0.142931,-0.146301,0.003568,0.989234,0.143493,-0.031430,-1.760569
1622414253.890000,182.207118,1103.876064,331.440350,-0.188446,0.981520,-0.033257,-0.971521,-0.191266,-0.139873,-0.143649,0.005952,0.989611,0.140411,-0.033263,-1.760482
1622414253.900000,181.403892,1102.893300,331.345339,-0.187788,0.981599,-0.034624,-0.971386,-0.190822,-0.141410,-0.145414,0.007078,0.989346,0.141971,-0.034631,-1.759820
1622414253.910000,180.233292,1101.797374,331.602754,-0.187815,0.981550,-0.035855,-0.971168,-0.191038,-0.142608,-0.146827,0.008037,0.989130,0.143189,-0.035862,-1.759856
1622414253.920000,179.333518,1100.896949,331.426871,-0.187135,0.981643,-0.036855,-0.971343,-0.190508,-0.142124,-0.146536,0.009203,0.989162,0.142705,-0.036864,-1.759171
1622414253.930000,178.681644,1100.059154,330.948859,-0.186265,0.981721,-0.039108,-0.971495,-0.189973,-0.141799,-0.146637,0.011581,0.989123,0.142388,-0.039118,-1.758300
1622414253.940000,177.427377,1099.134545,331.330492,-0.185378,0.981809,-0.041064,-0.971579,-0.189386,-0.142012,-0.147206,0.013571,0.989013,0.142615,-0.041076,-1.757412
1622414253.950000,176.712630,1098.328516,330.728653,-0.185022,0.981726,-0.044511,-0.971526,-0.189545,-0.142160,-0.147999,0.016941,0.988842,0.142786,-0.044526,-1.757077
1622414253.960000,175.385318,1097.321803,331.085061,-0.184209,0.981886,-0.044352,-0.971834,-0.188700,-0.141178,-0.146990,0.017096,0.988990,0.141792,-0.044367,-1.756248
1622414253.970000,174.342028,1096.389474,331.012286,-0.183572,0.981938,-0.045816,-0.971912,-0.188286,-0.141192,-0.147269,0.018611,0.988921,0.141815,-0.045832,-1.755612
1622414253.980000,173.378691,1095.526702,330.704784,-0.183107,0.981908,-0.048261,-0.971894,-0.188192,-0.141442,-0.147966,0.021006,0.988769,0.142085,-0.048280,-1.755160
1622414253.990000,172.175939,1094.552954,330.801807,-0.182490,0.981997,-0.048782,-0.972216,-0.187626,-0.139976,-0.146609,0.021882,0.988952,0.140606,-0.048801,-1.754536
1622414254.000000,171.354537,1093.857487,329.945766,-0.182329,0.981802,-0.053110,-0.971561,-0.188201,-0.143703,-0.151083,0.025399,0.988195,0.144408,-0.053135,-1.754413
1622414254.010000,169.880291,1092.771073,330.621074,-0.181625,0.981967,-0.052468,-0.972347,-0.187300,-0.139503,-0.146814,0.025680,0.988831,0.140153,-0.052492,-1.753690
1622414254.021000,168.813180,1091.883574,330.398204,-0.181409,0.981979,-0.052982,-0.972442,-0.187149,-0.139035,-0.146445,0.026300,0.988869,0.139685,-0.053007,-1.753475
1622414254.030000,167.771576,1091.042413,330.195862,-0.180853,0.981955,-0.055295,-0.972329,-0.186967,-0.140069,-0.147880,0.028433,0.988597,0.140748,-0.055323,-1.752932
1622414254.040000,166.540401,1090.233889,330.051109,-0.180423,0.982015,-0.055623,-0.972981,-0.186475,-0.136141,-0.144065,0.029557,0.989127,0.136778,-0.055652,-1.752498
1622414254.051000,165.599058,1089.345087,329.830441,-0.179780,0.981963,-0.058547,-0.972611,-0.186351,-0.138927,-0.147332,0.031967,0.988570,0.139619,-0.058580,-1.751874
1622414254.060000,164.348160,1088.448163,329.941108,-0.179176,0.982055,-0.058854,-0.972959,-0.185744,-0.137294,-0.145763,0.032663,0.988780,0.137970,-0.058888,-1.751261
1622414254.072000,163.226757,1087.666870,329.820152,-0.178473,0.982076,-0.060618,-0.973047,-0.185304,-0.137265,-0.146038,0.034486,0.988678,0.137955,-0.060655,-1.750565
1622414254.082000,162.116385,1086.849606,329.611485,-0.178168,0.982046,-0.061979,-0.973240,-0.185159,-0.136086,-0.145119,0.036075,0.988756,0.136774,-0.062019,-1.750269
1622414254.091000,160.929601,1086.195842,329.330212,-0.177823,0.981941,-0.064588,-0.972974,-0.185266,-0.137835,-0.147311,0.038332,0.988347,0.138566,-0.064633,-1.749949
1622414254.104000,160.069860,1085.610921,328.630615,-0.177484,0.981736,-0.068509,-0.972668,-0.185583,-0.139554,-0.149719,0.041868,0.987842,0.140343,-0.068562,-1.749650
1622414254.112000,158.867029,1085.027000,328.342422,-0.178617,0.981578,-0.067827,-0.973858,-0.186203,-0.130110,-0.140342,0.042814,0.989177,0.130782,-0.067879,-1.750796
1622414254.120000,157.460252,1084.086208,328.846832,-0.177155,0.981759,-0.069025,-0.973376,-0.185143,-0.135131,-0.145446,0.043248,0.988421,0.135872,-0.069080,-1.749321
1622414254.130000,156.342417,1083.553896,328.566009,-0.176893,0.981715,-0.070323,-0.973966,-0.184893,-0.131166,-0.141770,0.045290,0.988863,0.131874,-0.070381,-1.749071
1622414254.139000,155.243794,1082.822393,328.555814,-0.175831,0.981754,-0.072401,-0.973902,-0.184204,-0.132601,-0.143518,0.047196,0.988522,0.133345,-0.072464,-1.748016
1622414254.150000,154.229457,1082.121762,328.375817,-0.175032,0.981765,-0.074168,-0.974189,-0.183603,-0.131326,-0.142548,0.049268,0.988561,0.132072,-0.074236,-1.747226
1622414254.160000,153.414844,1081.575454,327.763178,-0.174603,0.981577,-0.077591,-0.974386,-0.183590,-0.129873,-0.141725,0.052928,0.988490,0.130637,-0.077670,-1.746835
1622414254.170000,152.368569,1080.938369,327.616856,-0.173314,0.981656,-0.079454,-0.974433,-0.182631,-0.130868,-0.142979,0.054742,0.988211,0.131663,-0.079538,-1.745548
1622414254.180000,151.054834,1080.187182,327.837303,-0.172423,0.981824,-0.079326,-0.974973,-0.181584,-0.128274,-0.140347,0.055223,0.988561,0.129038,-0.079409,-1.744639
1622414254.190000,150.022362,1079.619109,327.537316,-0.172366,0.981654,-0.081520,-0.975105,-0.181763,-0.127010,-0.139497,0.057598,0.988546,0.127781,-0.081610,-1.744612
1622414254.201000,148.667119,1078.949149,327.602311,-0.172093,0.981656,-0.082068,-0.975300,-0.181503,-0.125885,-0.138471,0.058377,0.988644,0.126649,-0.082161,-1.744342
1622414254.210000,147.390785,1078.452403,327.255354,-0.172682,0.981482,-0.082912,-0.975712,-0.181969,-0.121958,-0.134787,0.059838,0.989066,0.122687,-0.083007,-1.744954
1622414254.220000,146.115130,1077.733035,327.238389,-0.172481,0.981349,-0.084878,-0.975490,-0.182131,-0.123482,-0.136638,0.061500,0.988710,0.124249,-0.084981,-1.744778
1622414254.230000,145.131833,1077.266757,326.641834,-0.172234,0.981094,-0.088258,-0.975400,-0.182374,-0.123830,-0.137585,0.064759,0.988371,0.124638,-0.088373,-1.744579
1622414254.240000,143.674684,1076.585445,326.748215,-0.171754,0.981245,-0.087509,-0.976220,-0.181453,-0.118617,-0.132271,0.065055,0.989076,0.119357,-0.087621,-1.744078
1622414254.250000,142.758531,1076.057057,326.028361,-0.171607,0.980980,-0.090717,-0.976289,-0.181672,-0.117709,-0.131951,0.068366,0.988896,0.118473,-0.090842,-1.743978
1622414254.260000,141.462169,1075.234451,326.210927,-0.170611,0.981183,-0.090397,-0.976273,-0.180744,-0.119256,-0.133351,0.067906,0.988740,0.120035,-0.090521,-1.742958
1622414254.270000,140.006291,1074.326927,326.381793,-0.169998,0.981166,-0.091725,-0.976438,-0.180268,-0.118623,-0.132924,0.069398,0.988694,0.119409,-0.091854,-1.742354
1622414254.280000,138.736230,1073.703022,326.011196,-0.169358,0.981181,-0.092746,-0.977043,-0.179492,-0.114761,-0.129248,0.071181,0.989054,0.115514,-0.092879,-1.741719
1622414254.290000,137.511748,1073.104841,325.644820,-0.168858,0.981000,-0.095534,-0.976914,-0.179444,-0.115924,-0.130865,0.073753,0.988653,0.116722,-0.095680,-1.741255
1622414254.300000,136.233305,1072.757380,325.818185,-0.170300,0.980719,-0.095849,-0.976750,-0.180861,-0.115102,-0.130218,0.074018,0.988719,0.115894,-0.095996,-1.742730
1622414254.310000,134.886042,1072.334152,325.616055,-0.171165,0.980531,-0.096241,-0.977286,-0.181360,-0.109641,-0.124961,0.075288,0.989301,0.110377,-0.096390,-1.743618
1622414254.320000,133.510916,1071.882222,325.437611,-0.171564,0.980297,-0.097891,-0.977259,-0.181913,-0.108961,-0.124621,0.076972,0.989214,0.109706,-0.098048,-1.744054
1622414254.330000,132.338550,1071.442530,325.008672,-0.171900,0.979987,-0.100381,-0.977540,-0.182302,-0.105743,-0.121927,0.079949,0.989314,0.106481,-0.100550,-1.744440
1622414254.340000,131.086682,1071.106578,324.665368,-0.171850,0.979730,-0.102943,-0.977458,-0.182590,-0.106000,-0.122648,0.082406,0.989023,0.106769,-0.103126,-1.744436
1622414254.350000,130.109827,1070.696306,324.305191,-0.171832,0.979536,-0.104803,-0.977926,-0.182447,-0.101848,-0.118885,0.084989,0.989264,0.102592,-0.104996,-1.744452
1622414254.360000,128.948014,1070.278601,324.194858,-0.171126,0.979528,-0.106024,-0.978222,-0.181748,-0.100243,-0.117461,0.086561,0.989298,0.100983,-0.106223,-1.743753
1622414254.370000,127.801027,1069.910931,324.129841,-0.170609,0.979490,-0.107202,-0.978556,-0.181172,-0.098003,-0.115415,0.088183,0.989395,0.098731,-0.107408,-1.743247
1622414254.380000,126.504676,1069.471962,324.365737,-0.169344,0.979610,-0.108102,-0.978916,-0.179900,-0.096745,-0.114220,0.089439,0.989421,0.097470,-0.108313,-1.741973
1622414254.398000,125.491954,1069.284828,324.095883,-0.168712,0.979407,-0.110898,-0.979147,-0.179450,-0.095228,-0.113168,0.092520,0.989259,0.095967,-0.111127,-1.741381
1622414254.403000,124.634629,1069.547927,323.882000,-0.169961,0.978953,-0.112978,-0.979358,-0.180525,-0.090934,-0.109415,0.095190,0.989428,0.091648,-0.113219,-1.742698
1622414254.411000,123.475711,1069.405185,323.978999,-0.169012,0.978934,-0.114559,-0.979680,-0.179591,-0.089299,-0.107992,0.097138,0.989395,0.090012,-0.114811,-1.741760
1622414254.420000,122.419429,1069.224487,323.774505,-0.168104,0.978882,-0.116321,-0.980130,-0.178578,-0.086339,-0.105288,0.099495,0.989452,0.087039,-0.116585,-1.740868
1622414254.431000,121.530725,1069.054602,323.321319,-0.167440,0.978815,-0.117837,-0.980480,-0.177825,-0.083894,-0.103071,0.101490,0.989483,0.084584,-0.118112,-1.740220
1622414254.440000,120.265263,1068.630807,323.277226,-0.166039,0.978686,-0.120847,-0.980839,-0.176570,-0.082324,-0.101907,0.104863,0.989252,0.083027,-0.121143,-1.738851
1622414254.451000,119.067759,1068.536986,323.362298,-0.166819,0.978652,-0.120046,-0.981449,-0.176484,-0.074906,-0.094493,0.105324,0.989938,0.075523,-0.120336,-1.739631
1622414254.460000,117.949050,1068.310812,323.152693,-0.166168,0.978362,-0.123269,-0.981307,-0.176370,-0.077007,-0.097082,0.108168,0.989381,0.077677,-0.123583,-1.739034
1622414254.471000,116.802664,1068.120558,323.019107,-0.166227,0.978152,-0.124852,-0.981540,-0.176275,-0.074209,-0.094596,0.110212,0.989396,0.074864,-0.125179,-1.739128
1622414254.481000,115.688049,1067.787129,322.545303,-0.165675,0.977947,-0.127170,-0.981866,-0.175622,-0.071388,-0.092148,0.113037,0.989309,0.072035,-0.127516,-1.738614
1622414254.490000,114.625374,1067.806727,322.283058,-0.166803,0.977594,-0.128397,-0.982091,-0.176298,-0.066453,-0.087600,0.115013,0.989494,0.067058,-0.128753,-1.739795
1622414254.501000,113.237295,1067.566612,322.500586,-0.165900,0.977570,-0.129746,-0.982097,-0.175688,-0.067958,-0.089229,0.116149,0.989216,0.068592,-0.130113,-1.738902
1622414254.510000,111.942696,1067.326494,322.351696,-0.166883,0.977129,-0.131789,-0.982146,-0.176514,-0.065050,-0.086825,0.118581,0.989141,0.065669,-0.132174,-1.739954
1622414254.520000,111.153774,1067.432435,321.626642,-0.166605,0.977171,-0.131833,-0.982511,-0.175797,-0.061376,-0.083151,0.119302,0.989370,0.061957,-0.132218,-1.739670
1622414254.531000,109.509157,1067.181631,322.040097,-0.166607,0.976840,-0.134257,-0.982555,-0.175885,-0.060410,-0.082625,0.121850,0.989103,0.061000,-0.134663,-1.739728
1622414254.541000,108.262115,1067.035978,321.829831,-0.166879,0.976609,-0.135598,-0.982654,-0.176018,-0.058383,-0.080886,0.123503,0.989042,0.058962,-0.136017,-1.740038
1622414254.551000,107.148256,1066.972699,321.262606,-0.168278,0.976173,-0.136999,-0.982823,-0.176835,-0.052806,-0.075773,0.125759,0.989163,0.053333,-0.137431,-1.741504
1622414254.560000,105.618982,1066.859774,321.189783,-0.168336,0.975977,-0.138316,-0.982746,-0.177076,-0.053433,-0.076641,0.126935,0.988946,0.053977,-0.138761,-1.741596
1622414254.571000,104.558895,1066.730574,320.689906,-0.169193,0.975493,-0.140665,-0.982804,-0.177698,-0.050191,-0.073957,0.129754,0.988784,0.050717,-0.141133,-1.742531
1622414254.582000,102.885892,1066.481892,321.016928,-0.169321,0.975477,-0.140623,-0.982819,-0.177758,-0.049688,-0.073467,0.129794,0.988816,0.050208,-0.141091,-1.742661
1622414254.591000,101.478566,1066.359990,320.754051,-0.170077,0.975123,-0.142158,-0.982779,-0.178421,-0.048074,-0.072242,0.131534,0.988676,0.048586,-0.142641,-1.743475
1622414254.610000,100.015690,1066.237469,320.540656,-0.171005,0.974760,-0.143527,-0.982730,-0.179199,-0.046149,-0.070704,0.133157,0.988570,0.046649,-0.144025,-1.744462
1622414254.615000,98.543699,1066.173317,320.166293,-0.171977,0.974246,-0.145837,-0.982568,-0.180254,-0.045484,-0.070600,0.135472,0.988263,0.045992,-0.146359,-1.745519
1622414254.622000,97.558500,1066.080705,319.594434,-0.173807,0.973720,-0.147177,-0.982468,-0.181685,-0.041791,-0.067433,0.137333,0.988227,0.042264,-0.147713,-1.747434
1622414254.632000,95.723835,1065.869485,319.691844,-0.173741,0.973743,-0.147099,-0.982629,-0.181307,-0.039589,-0.065220,0.137666,0.988329,0.040035,-0.147635,-1.747364
1622414254.642000,94.302481,1065.784919,319.406911,-0.174659,0.973387,-0.148364,-0.982552,-0.182083,-0.037914,-0.063920,0.139154,0.988206,0.038348,-0.148914,-1.748341
1622414254.653000,92.861932,1065.699999,319.129272,-0.175891,0.973044,-0.149158,-0.982453,-0.183064,-0.035696,-0.062039,0.140262,0.988169,0.036108,-0.149717,-1.749629
1622414254.662000,91.394451,1065.643205,318.857292,-0.177170,0.972650,-0.150207,-0.982305,-0.184178,-0.033988,-0.060724,0.141528,0.988070,0.034385,-0.150778,-1.750973
1622414254.671000,89.946797,1065.621145,318.588070,-0.178536,0.972228,-0.151320,-0.982148,-0.185353,-0.032089,-0.059245,0.142890,0.987964,0.032468,-0.151904,-1.752409
1622414254.681000,88.508026,1065.653086,318.379559,-0.179881,0.971710,-0.153044,-0.982084,-0.186283,-0.028450,-0.056154,0.145184,0.987810,0.028793,-0.153648,-1.753843
1622414254.692000,87.249718,1065.805975,317.934562,-0.181237,0.971115,-0.155205,-0.981937,-0.187412,-0.026002,-0.054338,0.147689,0.987540,0.026324,-0.155835,-1.755301
1622414254.701000,85.963425,1065.925901,317.736343,-0.181809,0.970806,-0.156467,-0.981965,-0.187637,-0.023193,-0.051875,0.149429,0.987411,0.023485,-0.157113,-1.755928
1622414254.712000,84.553917,1066.044206,317.869706,-0.182079,0.970754,-0.156472,-0.982048,-0.187509,-0.020544,-0.049283,0.149923,0.987469,0.020802,-0.157118,-1.756207
1622414254.723000,83.445913,1066.310108,317.474786,-0.182996,0.970284,-0.158305,-0.981984,-0.188117,-0.017858,-0.047107,0.152185,0.987229,0.018087,-0.158974,-1.757207
1622414254.732000,82.014108,1066.296327,317.418695,-0.183117,0.970130,-0.159109,-0.982032,-0.188020,-0.016196,-0.045628,0.153284,0.987128,0.016406,-0.159788,-1.757356
1622414254.741000,80.643616,1066.657420,317.477465,-0.185202,0.969808,-0.158657,-0.981792,-0.189543,-0.012547,-0.042241,0.153445,0.987254,0.012709,-0.159331,-1.759492
1622414254.752000,79.315043,1066.901004,317.373139,-0.186527,0.969442,-0.159339,-0.981631,-0.190523,-0.010043,-0.040094,0.154539,0.987173,0.010173,-0.160021,-1.760880
1622414254.762000,78.170792,1067.254734,316.931512,-0.187908,0.968881,-0.161121,-0.981427,-0.191671,-0.008002,-0.038635,0.156624,0.986902,0.008108,-0.161826,-1.762361
1622414254.772000,76.390271,1067.384204,316.915079,-0.189956,0.968632,-0.160216,-0.981132,-0.193268,-0.005202,-0.036004,0.156205,0.987068,0.005270,-0.160909,-1.764446
1622414254.782000,75.304095,1067.825648,316.988127,-0.190558,0.968490,-0.160360,-0.981109,-0.193438,-0.002403,-0.033347,0.156872,0.987056,0.002435,-0.161055,-1.765072
1622414254.799000,74.142511,1068.443440,316.145568,-0.192505,0.967629,-0.163204,-0.980753,-0.195253,-0.000814,-0.032653,0.159907,0.986592,0.000825,-0.163938,-1.767178
1622414254.804000,72.516120,1068.287868,316.642135,-0.192994,0.967840,-0.161364,-0.980744,-0.195289,0.001668,-0.029899,0.158579,0.986894,-0.001690,-0.162073,-1.767622
1622414254.812000,71.368638,1069.267897,315.793028,-0.195976,0.966959,-0.163046,-0.980246,-0.197695,0.005778,-0.026646,0.160957,0.986602,-0.005856,-0.163777,-1.770761
1622414254.822000,69.714813,1069.498260,316.484785,-0.197153,0.967025,-0.161224,-0.980077,-0.198450,0.008181,-0.024084,0.159625,0.986884,-0.008289,-0.161931,-1.771915
1622414254.832000,68.394001,1069.963054,316.349498,-0.198806,0.966731,-0.160958,-0.979802,-0.199670,0.010951,-0.021551,0.159885,0.986900,-0.011096,-0.161662,-1.773616
1622414254.841000,67.163031,1070.316379,315.965384,-0.201601,0.966253,-0.160351,-0.979341,-0.201484,0.017165,-0.015722,0.160499,0.986911,-0.017391,-0.161046,-1.776488
1622414254.851000,66.022718,1070.859638,315.660851,-0.203312,0.965705,-0.161487,-0.978989,-0.203140,0.017755,-0.015658,0.161703,0.986715,-0.017992,-0.162197,-1.778299
1622414254.863000,64.690092,1071.280399,315.732310,-0.204826,0.965538,-0.160573,-0.978678,-0.204604,0.018095,-0.015382,0.160855,0.986858,-0.018334,-0.161271,-1.779834
1622414254.873000,63.624369,1072.017975,314.790898,-0.206112,0.965516,-0.159048,-0.978423,-0.205736,0.019008,-0.014369,0.159534,0.987088,-0.019254,-0.159726,-1.781112
1622414254.884000,61.991368,1072.147930,315.543342,-0.208483,0.964827,-0.160137,-0.977927,-0.207983,0.020068,-0.013944,0.160786,0.986891,-0.020331,-0.160830,-1.783608
1622414254.893000,60.705571,1072.694760,315.513025,-0.210660,0.963994,-0.162292,-0.977521,-0.209192,0.026282,-0.008614,0.164181,0.986393,-0.026638,-0.163013,-1.785943
1622414254.903000,59.769924,1073.126951,315.286307,-0.211869,0.964157,-0.159729,-0.977261,-0.210434,0.026043,-0.008503,0.161614,0.986817,-0.026385,-0.160416,-1.787104
1622414254.913000,58.665965,1073.761633,314.541002,-0.211881,0.964256,-0.159114,-0.977273,-0.210146,0.027853,-0.006579,0.161399,0.986867,-0.028216,-0.159793,-1.787094
1622414254.929000,57.690747,1074.165395,314.952318,-0.212065,0.964026,-0.160255,-0.977247,-0.209859,0.030765,-0.003973,0.163133,0.986596,-0.031173,-0.160949,-1.787326
1622414254.935000,56.640338,1074.899488,315.525474,-0.211279,0.964402,-0.159027,-0.977408,-0.209451,0.028367,-0.005951,0.161428,0.986867,-0.028737,-0.159705,-1.786467
1622414254.949000,55.816250,1075.493199,315.648595,-0.210666,0.964559,-0.158886,-0.977547,-0.208622,0.029632,-0.004565,0.161561,0.986852,-0.030018,-0.159562,-1.785826
1622414254.954000,55.169908,1076.108400,315.322443,-0.210342,0.964885,-0.157330,-0.977625,-0.207979,0.031527,-0.002302,0.160442,0.987043,-0.031930,-0.157987,-1.785436
1622414254.962000,54.381398,1076.850688,315.422264,-0.210562,0.964761,-0.157796,-0.977579,-0.208038,0.032536,-0.001438,0.161109,0.986935,-0.032955,-0.158459,-1.785680
1622414254.971000,53.541745,1077.585835,316.009935,-0.210583,0.965041,-0.156044,-0.977576,-0.207743,0.034475,0.000853,0.159805,0.987148,-0.034910,-0.156685,-1.785640
1622414254.982000,53.418413,1078.473411,315.677099,-0.211749,0.964927,-0.155170,-0.977308,-0.208159,0.039222,0.005546,0.159954,0.987109,-0.039713,-0.155799,-1.786818
1622414254.991000,51.848423,1079.114136,316.210848,-0.210804,0.964928,-0.156450,-0.977524,-0.207611,0.036668,0.002901,0.160663,0.987005,-0.037133,-0.157096,-1.785883
1622414255.001000,51.141756,1079.943312,316.156962,-0.210008,0.965351,-0.154897,-0.977688,-0.206591,0.038024,0.004706,0.159426,0.987199,-0.038498,-0.155523,-1.785004
1622414255.012000,50.373816,1080.720948,316.264365,-0.209764,0.965520,-0.154174,-0.977730,-0.206073,0.039722,0.006581,0.159072,0.987245,-0.040213,-0.154791,-1.784726
1622414255.021000,49.897483,1081.726526,315.566037,-0.209540,0.965571,-0.154158,-0.977771,-0.205697,0.040649,0.007539,0.159249,0.987210,-0.041152,-0.154776,-1.784494
1622414255.031000,48.865847,1082.175469,316.381488,-0.208887,0.965782,-0.153722,-0.977917,-0.205207,0.039611,0.006711,0.158602,0.987320,-0.040099,-0.154334,-1.783803
1622414255.048000,48.124111,1082.940195,315.935294,-0.207797,0.965916,-0.154360,-0.978136,-0.203838,0.041224,0.008354,0.159551,0.987154,-0.041736,-0.154979,-1.782696
1622414255.053000,47.296397,1083.539901,316.577795,-0.207609,0.966369,-0.151753,-0.978130,-0.203078,0.044947,0.012618,0.157766,0.987396,-0.045490,-0.152342,-1.782414
1622414255.061000,46.815300,1084.485763,316.036667,-0.206781,0.966263,-0.153551,-0.978302,-0.202126,0.045505,0.012933,0.159629,0.987092,-0.046068,-0.154161,-1.781617
1622414255.071000,45.955537,1085.066392,316.681794,-0.205133,0.966945,-0.151454,-0.978608,-0.200154,0.047586,0.015699,0.157975,0.987318,-0.048160,-0.152039,-1.779843
1622414255.088000,45.352940,1085.660445,316.957612,-0.204028,0.967355,-0.150320,-0.978778,-0.198565,0.050657,0.019155,0.157465,0.987339,-0.051262,-0.150892,-1.778663
1622414255.093000,44.724139,1086.372457,317.125306,-0.202693,0.967683,-0.150016,-0.979011,-0.196924,0.052517,0.021278,0.157512,0.987288,-0.053143,-0.150584,-1.777273
1622414255.101000,44.104120,1087.090727,317.235368,-0.201327,0.968020,-0.149685,-0.979245,-0.195259,0.054336,0.023371,0.157518,0.987240,-0.054983,-0.150250,-1.775851
1622414255.111000,43.409545,1087.779898,317.343740,-0.200139,0.968325,-0.149300,-0.979433,-0.193752,0.056310,0.025599,0.157499,0.987187,-0.056979,-0.149860,-1.774612
1622414255.121000,42.757521,1088.540247,317.455017,-0.198783,0.968666,-0.148902,-0.979641,-0.192041,0.058517,0.028089,0.157503,0.987119,-0.059212,-0.149458,-1.773200
1622414255.131000,42.108723,1089.269183,317.562200,-0.197402,0.969019,-0.148443,-0.979855,-0.190356,0.060404,0.030276,0.157376,0.987075,-0.061119,-0.148993,-1.771760
1622414255.141000,41.475081,1090.001136,317.704820,-0.196255,0.969322,-0.147983,-0.980006,-0.188861,0.062604,0.032735,0.157311,0.987006,-0.063343,-0.148529,-1.770562
1622414255.151000,40.860768,1090.727892,317.814233,-0.195098,0.969660,-0.147293,-0.980160,-0.187410,0.064525,0.034963,0.156959,0.986986,-0.065283,-0.147830,-1.769348
1622414255.161000,40.517462,1091.626185,317.523508,-0.194554,0.969619,-0.148280,-0.980203,-0.186520,0.066426,0.036751,0.158268,0.986712,-0.067219,-0.148829,-1.768817
