1622414252.715000,554.247273,486.354017,97.193339,-0.029811,0.999520,-0.008410,-0.999542,-0.029853,-0.004906,-0.005154,0.008260,0.999953,0.004906,-0.008410,-1.600612
1622414252.753000,554.293954,486.343331,97.101494,-0.029775,0.999507,-0.009957,-0.999537,-0.029835,-0.005962,-0.006256,0.009774,0.999933,0.005963,-0.009957,-1.600577
1622414252.798000,554.286594,486.447242,97.334417,-0.030104,0.999505,-0.009086,-0.999520,-0.030169,-0.007093,-0.007363,0.008868,0.999934,0.007093,-0.009086,-1.600906
1622414252.814000,554.218297,486.357334,97.230050,-0.029779,0.999513,-0.009339,-0.999537,-0.029836,-0.005982,-0.006258,0.009157,0.999938,0.005983,-0.009339,-1.600581
1622414252.824000,554.149560,486.351034,97.384295,-0.030380,0.999510,-0.007511,-0.999525,-0.030418,-0.004982,-0.005208,0.007356,0.999959,0.004982,-0.007511,-1.601182
1622414252.830000,554.221173,486.356502,97.247534,-0.029783,0.999514,-0.009197,-0.999537,-0.029838,-0.005936,-0.006207,0.009016,0.999940,0.005936,-0.009198,-1.600585
1622414252.839000,554.287196,486.444892,97.336222,-0.030084,0.999507,-0.008998,-0.999520,-0.030148,-0.007095,-0.007363,0.008780,0.999934,0.007095,-0.008998,-1.600886
1622414252.849000,554.220535,486.354463,97.245315,-0.029790,0.999513,-0.009271,-0.999537,-0.029846,-0.005985,-0.006259,0.009088,0.999939,0.005986,-0.009271,-1.600592
1622414252.859000,554.327614,486.146975,96.946247,-0.028905,0.999538,-0.009396,-0.999572,-0.028945,-0.004161,-0.004431,0.009272,0.999947,0.004162,-0.009396,-1.599706
1622414252.869000,554.242337,486.466405,97.461754,-0.030880,0.999503,-0.006305,-0.999510,-0.030912,-0.004903,-0.005095,0.006151,0.999968,0.004903,-0.006305,-1.601682
1622414252.879000,554.288241,486.449120,97.337100,-0.030118,0.999506,-0.009001,-0.999520,-0.030182,-0.007050,-0.007318,0.008784,0.999935,0.007050,-0.009001,-1.600920
1622414252.889000,554.103339,486.372491,97.583387,-0.030228,0.999483,-0.010997,-0.999542,-0.030238,-0.000760,-0.001092,0.010969,0.999939,0.000760,-0.010997,-1.601031
1622414252.901000,554.028371,486.374105,97.730368,-0.030834,0.999484,-0.008951,-0.999525,-0.030833,0.000198,-0.000078,0.008953,0.999960,-0.000198,-0.008951,-1.601636
1622414252.908000,554.322604,486.346269,97.054997,-0.029825,0.999513,-0.009125,-0.999543,-0.029869,-0.004690,-0.004960,0.008981,0.999947,0.004690,-0.009125,-1.600627
1622414252.926000,554.415345,486.254079,97.051773,-0.029252,0.999532,-0.008999,-0.999556,-0.029301,-0.005373,-0.005634,0.008838,0.999945,0.005373,-0.008999,-1.600054
1622414252.931000,554.247671,486.359911,97.190346,-0.029879,0.999518,-0.008457,-0.999541,-0.029920,-0.004754,-0.005005,0.008311,0.999953,0.004755,-0.008457,-1.600680
1622414252.938000,554.218523,486.354992,97.238026,-0.029771,0.999514,-0.009291,-0.999537,-0.029828,-0.005974,-0.006248,0.009109,0.999939,0.005974,-0.009291,-1.600573
1622414252.949000,554.221402,486.356773,97.243516,-0.029772,0.999514,-0.009242,-0.999538,-0.029827,-0.005884,-0.006156,0.009063,0.999940,0.005884,-0.009242,-1.600574
1622414252.958000,554.249014,486.355787,97.188031,-0.029837,0.999519,-0.008454,-0.999542,-0.029878,-0.004793,-0.005043,0.008307,0.999953,0.004793,-0.008454,-1.600639
1622414252.968000,554.383819,486.254943,97.086039,-0.029224,0.999525,-0.009789,-0.999550,-0.029288,-0.006461,-0.006745,0.009596,0.999931,0.006461,-0.009789,-1.600026
1622414252.979000,554.290656,486.448314,97.342806,-0.030104,0.999506,-0.009050,-0.999520,-0.030168,-0.007111,-0.007381,0.008832,0.999934,0.007111,-0.009050,-1.600906
1622414252.988000,554.249293,486.354373,97.194566,-0.029816,0.999520,-0.008399,-0.999543,-0.029857,-0.004747,-0.004996,0.008254,0.999953,0.004747,-0.008399,-1.600618
1622414252.998000,554.221448,486.357260,97.243656,-0.029770,0.999514,-0.009274,-0.999537,-0.029826,-0.005961,-0.006234,0.009093,0.999939,0.005961,-0.009275,-1.600572
1622414253.008000,554.243447,486.470334,97.454519,-0.030870,0.999504,-0.006291,-0.999510,-0.030902,-0.005011,-0.005202,0.006133,0.999968,0.005011,-0.006291,-1.601672
1622414253.018000,554.286830,486.454412,97.337754,-0.030125,0.999505,-0.009013,-0.999519,-0.030190,-0.007163,-0.007432,0.008793,0.999934,0.007164,-0.009014,-1.600927
1622414253.029000,554.298215,486.346238,97.093890,-0.029741,0.999508,-0.009957,-0.999539,-0.029800,-0.005811,-0.006105,0.009780,0.999934,0.005811,-0.009957,-1.600544
1622414253.038000,554.218934,486.357417,97.245703,-0.029787,0.999513,-0.009281,-0.999537,-0.029843,-0.005999,-0.006273,0.009098,0.999939,0.006000,-0.009281,-1.600589
1622414253.048000,554.221101,486.352781,97.233784,-0.029757,0.999514,-0.009307,-0.999538,-0.029812,-0.005893,-0.006167,0.009128,0.999939,0.005893,-0.009307,-1.600559
1622414253.059000,554.213780,486.458024,97.493452,-0.030802,0.999500,-0.007161,-0.999506,-0.030846,-0.006020,-0.006238,0.006972,0.999956,0.006020,-0.007161,-1.601604
1622414253.069000,554.221697,486.355120,97.234834,-0.029748,0.999515,-0.009259,-0.999538,-0.029804,-0.005929,-0.006202,0.009078,0.999940,0.005929,-0.009259,-1.600550
1622414253.079000,554.102169,486.376237,97.576005,-0.030217,0.999483,-0.010944,-0.999543,-0.030227,-0.000825,-0.001155,0.010914,0.999940,0.000825,-0.010945,-1.601019
1622414253.088000,554.104499,486.375307,97.581934,-0.030219,0.999483,-0.010981,-0.999543,-0.030230,-0.000758,-0.001089,0.010953,0.999939,0.000758,-0.010981,-1.601022
1622414253.106000,554.219286,486.359889,97.235008,-0.029768,0.999513,-0.009334,-0.999538,-0.029824,-0.005912,-0.006188,0.009153,0.999939,0.005912,-0.009334,-1.600570
1622414253.111000,554.220400,486.360596,97.239681,-0.029791,0.999513,-0.009244,-0.999537,-0.029847,-0.005980,-0.006253,0.009061,0.999939,0.005980,-0.009244,-1.600593
1622414253.118000,554.215914,486.359424,97.234679,-0.029784,0.999513,-0.009265,-0.999537,-0.029840,-0.005971,-0.006245,0.009083,0.999939,0.005972,-0.009266,-1.600586
1622414253.129000,554.288293,486.452244,97.341419,-0.030083,0.999507,-0.008980,-0.999521,-0.030147,-0.007037,-0.007304,0.008764,0.999935,0.007037,-0.008980,-1.600886
1622414253.138000,554.315259,486.450676,97.289526,-0.030144,0.999512,-0.008216,-0.999527,-0.030193,-0.005898,-0.006143,0.008035,0.999949,0.005899,-0.008216,-1.600946
1622414253.148000,554.223767,486.355985,97.234383,-0.029772,0.999513,-0.009297,-0.999537,-0.029827,-0.005926,-0.006200,0.009116,0.999939,0.005926,-0.009297,-1.600574
1622414253.165000,554.223045,486.359134,97.241943,-0.029778,0.999513,-0.009278,-0.999537,-0.029833,-0.005926,-0.006200,0.009097,0.999939,0.005926,-0.009278,-1.600580
1622414253.171000,554.294096,486.452985,97.337263,-0.030082,0.999507,-0.009010,-0.999521,-0.030146,-0.007026,-0.007294,0.008794,0.999935,0.007027,-0.009010,-1.600884
1622414253.179000,554.244109,486.351541,96.991672,-0.029498,0.999538,-0.007273,-0.999474,-0.029593,-0.013289,-0.013498,0.006877,0.999885,0.013290,-0.007273,-1.600300
1622414253.188000,554.299873,486.345615,97.104687,-0.029746,0.999509,-0.009876,-0.999539,-0.029804,-0.005809,-0.006101,0.009699,0.999934,0.005810,-0.009877,-1.600548
1622414253.198000,554.169088,486.357097,97.344269,-0.030492,0.999513,-0.006678,-0.999527,-0.030518,-0.003833,-0.004035,0.006558,0.999970,0.003833,-0.006678,-1.601294
1622414253.208000,554.220012,486.357941,97.238049,-0.029812,0.999513,-0.009242,-0.999536,-0.029868,-0.005926,-0.006199,0.009061,0.999940,0.005926,-0.009242,-1.600615
1622414253.219000,554.220584,486.359273,97.249607,-0.029779,0.999514,-0.009197,-0.999538,-0.029833,-0.005861,-0.006132,0.009019,0.999941,0.005861,-0.009198,-1.600581
1622414253.229000,554.220823,486.361141,97.239459,-0.029799,0.999513,-0.009315,-0.999537,-0.029855,-0.005947,-0.006222,0.009134,0.999939,0.005947,-0.009316,-1.600601
1622414253.238000,554.290840,486.447254,97.331221,-0.030095,0.999505,-0.009114,-0.999519,-0.030161,-0.007189,-0.007460,0.008893,0.999933,0.007189,-0.009114,-1.600897
1622414253.248000,554.104271,486.369549,97.575574,-0.030181,0.999484,-0.011007,-0.999544,-0.030192,-0.000758,-0.001090,0.010979,0.999939,0.000758,-0.011007,-1.600984
1622414253.258000,554.108263,486.376300,97.579202,-0.030208,0.999483,-0.011021,-0.999543,-0.030218,-0.000775,-0.001108,0.010992,0.999939,0.000775,-0.011021,-1.601011
1622414253.269000,554.200058,486.363805,97.394503,-0.030235,0.999483,-0.010900,-0.999543,-0.030230,0.000583,0.000253,0.010913,0.999940,-0.000583,-0.010900,-1.601038
1622414253.278000,554.221353,486.356711,97.233566,-0.029777,0.999512,-0.009396,-0.999538,-0.029833,-0.005839,-0.006117,0.009218,0.999939,0.005840,-0.009396,-1.600579
1622414253.288000,554.247818,486.358722,97.186732,-0.029847,0.999519,-0.008468,-0.999542,-0.029888,-0.004766,-0.005017,0.008321,0.999953,0.004766,-0.008468,-1.600649
1622414253.298000,554.243486,486.361255,97.192366,-0.029842,0.999519,-0.008458,-0.999542,-0.029883,-0.004819,-0.005070,0.008311,0.999953,0.004820,-0.008459,-1.600644
1622414253.308000,554.248336,486.358851,97.198972,-0.029808,0.999520,-0.008453,-0.999543,-0.029849,-0.004806,-0.005056,0.008306,0.999953,0.004807,-0.008453,-1.600609
1622414253.319000,554.227025,486.356348,97.234279,-0.029790,0.999513,-0.009292,-0.999537,-0.029846,-0.005906,-0.006181,0.009112,0.999939,0.005907,-0.009293,-1.600592
1622414253.329000,554.153406,486.353907,97.377856,-0.030405,0.999510,-0.007438,-0.999525,-0.030442,-0.004891,-0.005115,0.007285,0.999960,0.004891,-0.007438,-1.601207
1622414253.338000,554.101884,486.373639,97.580149,-0.030203,0.999484,-0.010967,-0.999543,-0.030213,-0.000708,-0.001039,0.010941,0.999940,0.000708,-0.010967,-1.601006
1622414253.349000,554.324959,486.349273,97.059025,-0.029831,0.999514,-0.009059,-0.999543,-0.029875,-0.004680,-0.004948,0.008915,0.999948,0.004680,-0.009059,-1.600633
1622414253.358000,554.292370,486.347211,97.102551,-0.029779,0.999507,-0.009910,-0.999538,-0.029838,-0.005797,-0.006090,0.009733,0.999934,0.005797,-0.009910,-1.600581
1622414253.368000,554.221446,486.360516,97.238241,-0.029795,0.999513,-0.009269,-0.999537,-0.029851,-0.005921,-0.006195,0.009088,0.999940,0.005921,-0.009269,-1.600597
1622414253.379000,554.322232,486.345687,97.047903,-0.029801,0.999514,-0.009167,-0.999543,-0.029846,-0.004752,-0.005023,0.009021,0.999947,0.004752,-0.009167,-1.600603
1622414253.388000,554.219096,486.354774,97.243775,-0.029775,0.999513,-0.009288,-0.999537,-0.029832,-0.005987,-0.006261,0.009105,0.999939,0.005988,-0.009288,-1.600577
1622414253.398000,554.215032,486.460735,97.502006,-0.030789,0.999501,-0.007110,-0.999506,-0.030832,-0.006112,-0.006329,0.006919,0.999956,0.006113,-0.007110,-1.601591
1622414253.408000,554.220379,486.357368,97.238993,-0.029776,0.999514,-0.009256,-0.999537,-0.029832,-0.005922,-0.006195,0.009076,0.999940,0.005922,-0.009257,-1.600578
1622414253.418000,554.251562,486.360971,97.192974,-0.029838,0.999519,-0.008435,-0.999542,-0.029879,-0.004769,-0.005019,0.008289,0.999953,0.004769,-0.008435,-1.600640
1622414253.429000,554.246824,486.361189,97.196952,-0.029856,0.999519,-0.008393,-0.999542,-0.029897,-0.004787,-0.005036,0.008247,0.999953,0.004787,-0.008394,-1.600657
1622414253.438000,554.249710,486.359622,97.193620,-0.029813,0.999520,-0.008440,-0.999543,-0.029854,-0.004784,-0.005034,0.008293,0.999953,0.004784,-0.008440,-1.600615
1622414253.448000,554.219307,486.361657,97.240239,-0.029806,0.999513,-0.009274,-0.999536,-0.029862,-0.005950,-0.006224,0.009093,0.999939,0.005950,-0.009274,-1.600608
1622414253.458000,554.219894,486.358063,97.241576,-0.029784,0.999513,-0.009272,-0.999537,-0.029839,-0.005936,-0.006210,0.009091,0.999939,0.005936,-0.009272,-1.600586
1622414253.468000,554.219566,486.358463,97.239216,-0.029770,0.999513,-0.009373,-0.999538,-0.029826,-0.005918,-0.006195,0.009193,0.999939,0.005918,-0.009373,-1.600572
1622414253.478000,554.243634,486.360728,97.197389,-0.029811,0.999520,-0.008442,-0.999543,-0.029852,-0.004767,-0.005016,0.008296,0.999953,0.004767,-0.008442,-1.600612
1622414253.488000,554.219001,486.356500,97.246176,-0.029810,0.999513,-0.009254,-0.999536,-0.029866,-0.006001,-0.006274,0.009071,0.999939,0.006001,-0.009254,-1.600612
1622414253.498000,554.319391,486.448829,97.290656,-0.030142,0.999513,-0.008102,-0.999527,-0.030190,-0.005927,-0.006168,0.007920,0.999950,0.005927,-0.008103,-1.600944
1622414253.508000,554.169826,486.361104,97.345412,-0.030447,0.999514,-0.006675,-0.999528,-0.030473,-0.003950,-0.004152,0.006551,0.999970,0.003950,-0.006675,-1.601248
1622414253.518000,554.194164,486.374955,97.368352,-0.030427,0.999513,-0.006939,-0.999526,-0.030458,-0.004432,-0.004642,0.006801,0.999966,0.004432,-0.006939,-1.601229
1622414253.528000,554.223461,486.356286,97.248279,-0.029806,0.999514,-0.009141,-0.999537,-0.029861,-0.005908,-0.006178,0.008961,0.999941,0.005908,-0.009141,-1.600608
1622414253.538000,554.245463,486.362229,97.201801,-0.029873,0.999519,-0.008367,-0.999541,-0.029914,-0.004793,-0.005041,0.008220,0.999954,0.004793,-0.008367,-1.600675
1622414253.548000,554.318770,486.452953,97.278794,-0.030160,0.999512,-0.008186,-0.999526,-0.030209,-0.005947,-0.006192,0.008003,0.999949,0.005948,-0.008186,-1.600962
1622414253.558000,554.289692,486.452053,97.339023,-0.030114,0.999506,-0.008998,-0.999519,-0.030178,-0.007076,-0.007344,0.008780,0.999934,0.007076,-0.008998,-1.600916
1622414253.568000,554.217781,486.359689,97.239168,-0.029805,0.999513,-0.009274,-0.999537,-0.029860,-0.005900,-0.006174,0.009094,0.999940,0.005901,-0.009274,-1.600607
1622414253.579000,554.310991,486.147408,96.984714,-0.028857,0.999533,-0.010012,-0.999569,-0.028910,-0.005115,-0.005402,0.009861,0.999937,0.005116,-0.010013,-1.599659
1622414253.588000,554.280193,486.176675,97.020378,-0.028621,0.999533,-0.010697,-0.999571,-0.028686,-0.005960,-0.006264,0.010522,0.999925,0.005960,-0.010697,-1.599423
1622414253.598000,554.385056,486.100539,97.185581,-0.028036,0.999558,-0.009843,-0.999600,-0.028072,-0.003528,-0.003802,0.009741,0.999945,0.003528,-0.009844,-1.598837
1622414253.608000,554.245431,486.102661,98.105792,-0.028863,0.999525,-0.010772,-0.999576,-0.028819,0.004203,0.003890,0.010889,0.999933,-0.004203,-0.010772,-1.599665
1622414253.618000,554.319461,486.457365,97.290944,-0.030158,0.999512,-0.008121,-0.999526,-0.030207,-0.005990,-0.006233,0.007937,0.999949,0.005991,-0.008122,-1.600960
1622414253.628000,554.222354,486.360813,97.248466,-0.029784,0.999514,-0.009251,-0.999537,-0.029840,-0.005982,-0.006255,0.009069,0.999939,0.005982,-0.009251,-1.600586
1622414253.638000,554.223406,486.356007,97.240358,-0.029767,0.999513,-0.009311,-0.999538,-0.029823,-0.005907,-0.006182,0.009130,0.999939,0.005908,-0.009311,-1.600569
1622414253.648000,554.317325,486.451366,97.279125,-0.030157,0.999511,-0.008220,-0.999526,-0.030206,-0.005954,-0.006199,0.008037,0.999948,0.005954,-0.008221,-1.600959
1622414253.658000,554.140833,486.353833,97.356752,-0.030397,0.999513,-0.007006,-0.999528,-0.030428,-0.004315,-0.004526,0.006871,0.999966,0.004315,-0.007006,-1.601199
1622414253.668000,554.318307,486.347272,97.053096,-0.029857,0.999513,-0.009036,-0.999541,-0.029901,-0.004781,-0.005049,0.008889,0.999948,0.004781,-0.009036,-1.600659
1622414253.678000,554.246823,486.356712,97.183689,-0.029811,0.999519,-0.008530,-0.999543,-0.029853,-0.004849,-0.005101,0.008382,0.999952,0.004849,-0.008530,-1.600613
1622414253.688000,554.248018,486.358729,97.194116,-0.029838,0.999520,-0.008394,-0.999542,-0.029878,-0.004719,-0.004968,0.008249,0.999954,0.004719,-0.008394,-1.600640
1622414253.698000,554.248980,486.356860,97.194155,-0.029839,0.999519,-0.008468,-0.999542,-0.029881,-0.004831,-0.005082,0.008320,0.999952,0.004831,-0.008468,-1.600641
1622414253.708000,554.250494,486.358491,97.192191,-0.029837,0.999519,-0.008415,-0.999542,-0.029878,-0.004817,-0.005066,0.008268,0.999953,0.004818,-0.008415,-1.600639
1622414253.719000,554.220143,486.352236,97.231135,-0.029765,0.999514,-0.009299,-0.999538,-0.029821,-0.005944,-0.006218,0.009118,0.999939,0.005944,-0.009299,-1.600567
1622414253.728000,554.103723,486.379029,97.574907,-0.030224,0.999483,-0.010985,-0.999542,-0.030235,-0.000808,-0.001139,0.010956,0.999939,0.000808,-0.010985,-1.601027
1622414253.738000,554.127991,486.377405,97.540613,-0.030243,0.999492,-0.010100,-0.999543,-0.030238,0.000643,0.000337,0.010115,0.999949,-0.000643,-0.010100,-1.601045
1622414253.749000,554.293998,486.344684,97.108757,-0.029761,0.999507,-0.009992,-0.999538,-0.029820,-0.005856,-0.006151,0.009813,0.999933,0.005856,-0.009992,-1.600563
1622414253.758000,554.247708,486.356119,97.191549,-0.029852,0.999519,-0.008401,-0.999542,-0.029893,-0.004800,-0.005049,0.008254,0.999953,0.004801,-0.008401,-1.600654
1622414253.768000,554.175268,486.358201,97.346147,-0.030469,0.999513,-0.006670,-0.999527,-0.030495,-0.003859,-0.004060,0.006549,0.999970,0.003859,-0.006670,-1.601271
1622414253.779000,554.146787,486.353560,97.375869,-0.030439,0.999509,-0.007419,-0.999523,-0.030477,-0.005017,-0.005240,0.007263,0.999960,0.005017,-0.007419,-1.601241
1622414253.788000,554.249434,486.360692,97.192113,-0.029839,0.999519,-0.008415,-0.999542,-0.029880,-0.004806,-0.005055,0.008268,0.999953,0.004806,-0.008415,-1.600640
1622414253.798000,554.052658,486.578475,97.019444,-0.030258,0.999503,-0.008835,-0.999531,-0.030298,-0.004374,-0.004639,0.008699,0.999951,0.004374,-0.008835,-1.601060
1622414253.808000,554.218629,486.360088,97.239900,-0.029825,0.999512,-0.009278,-0.999536,-0.029880,-0.005930,-0.006204,0.009097,0.999939,0.005930,-0.009278,-1.600627
1622414253.818000,554.217506,486.356335,97.234467,-0.029796,0.999513,-0.009297,-0.999537,-0.029852,-0.005929,-0.006204,0.009116,0.999939,0.005929,-0.009297,-1.600598
1622414253.829000,554.245217,486.354294,97.197484,-0.029825,0.999519,-0.008441,-0.999543,-0.029866,-0.004763,-0.005013,0.008295,0.999953,0.004764,-0.008442,-1.600627
1622414253.838000,554.326998,486.048350,97.076316,-0.027884,0.999569,-0.009232,-0.999609,-0.027904,-0.001974,-0.002231,0.009173,0.999955,0.001974,-0.009232,-1.598686
1622414253.848000,554.327155,486.348672,97.046674,-0.029827,0.999514,-0.009100,-0.999542,-0.029871,-0.004775,-0.005045,0.008953,0.999947,0.004776,-0.009100,-1.600629
1622414253.858000,554.220214,486.354746,97.248778,-0.029764,0.999514,-0.009229,-0.999538,-0.029819,-0.005938,-0.006210,0.009048,0.999940,0.005938,-0.009229,-1.600566
1622414253.868000,554.369306,486.438460,97.187143,-0.030082,0.999500,-0.009768,-0.999521,-0.030151,-0.006992,-0.007283,0.009553,0.999928,0.006992,-0.009768,-1.600884
1622414253.878000,554.130815,486.377531,97.544095,-0.030276,0.999491,-0.010090,-0.999542,-0.030272,0.000584,0.000278,0.010103,0.999949,-0.000584,-0.010090,-1.601079
1622414253.888000,554.320670,486.344386,97.053924,-0.029821,0.999513,-0.009196,-0.999543,-0.029866,-0.004733,-0.005005,0.009051,0.999947,0.004733,-0.009196,-1.600623
1622414253.898000,554.299995,486.349643,97.100715,-0.029778,0.999508,-0.009883,-0.999538,-0.029836,-0.005849,-0.006141,0.009704,0.999934,0.005850,-0.009883,-1.600580
1622414253.908000,554.325248,486.452318,97.296034,-0.030138,0.999512,-0.008206,-0.999527,-0.030187,-0.005895,-0.006140,0.008025,0.999949,0.005895,-0.008206,-1.600940
1622414253.918000,554.217461,486.361595,97.243486,-0.029783,0.999514,-0.009197,-0.999537,-0.029838,-0.005968,-0.006239,0.009015,0.999940,0.005968,-0.009197,-1.600585
1622414253.928000,554.240474,486.469270,97.455644,-0.030904,0.999503,-0.006210,-0.999509,-0.030934,-0.004889,-0.005079,0.006056,0.999969,0.004889,-0.006210,-1.601706
1622414253.938000,554.219431,486.357033,97.238761,-0.029780,0.999514,-0.009216,-0.999537,-0.029835,-0.005929,-0.006201,0.009035,0.999940,0.005929,-0.009216,-1.600582
1622414253.948000,554.153394,486.359964,97.390983,-0.030369,0.999511,-0.007408,-0.999525,-0.030406,-0.004940,-0.005162,0.007254,0.999960,0.004940,-0.007408,-1.601171
1622414253.958000,554.220785,486.355891,97.244877,-0.029766,0.999514,-0.009262,-0.999537,-0.029823,-0.006012,-0.006285,0.009078,0.999939,0.006012,-0.009262,-1.600568
1622414253.968000,554.106012,486.373970,97.567351,-0.030196,0.999483,-0.011016,-0.999543,-0.030206,-0.000772,-0.001104,0.010988,0.999939,0.000772,-0.011017,-1.600999
1622414253.978000,554.324576,486.345961,97.043284,-0.029837,0.999512,-0.009202,-0.999542,-0.029881,-0.004735,-0.005008,0.009056,0.999946,0.004735,-0.009202,-1.600639
1622414253.988000,554.253447,486.362901,97.189345,-0.029852,0.999518,-0.008492,-0.999542,-0.029893,-0.004760,-0.005012,0.008346,0.999953,0.004760,-0.008492,-1.600654
1622414253.998000,554.169402,486.357146,97.349195,-0.030471,0.999514,-0.006615,-0.999527,-0.030497,-0.003870,-0.004070,0.006494,0.999971,0.003870,-0.006616,-1.601273
1622414254.008000,554.288589,486.452769,97.338989,-0.030107,0.999507,-0.008953,-0.999520,-0.030171,-0.007100,-0.007367,0.008735,0.999935,0.007101,-0.008953,-1.600909
1622414254.019000,554.292591,486.452645,97.342224,-0.030100,0.999506,-0.009002,-0.999520,-0.030164,-0.007065,-0.007333,0.008785,0.999935,0.007065,-0.009003,-1.600902
1622414254.029000,554.318177,486.350399,97.054741,-0.029804,0.999514,-0.009164,-0.999543,-0.029848,-0.004734,-0.005005,0.009019,0.999947,0.004734,-0.009164,-1.600606
1622414254.038000,554.252105,486.355482,97.185998,-0.029822,0.999519,-0.008463,-0.999542,-0.029864,-0.004802,-0.005052,0.008316,0.999953,0.004802,-0.008463,-1.600624
1622414254.048000,554.324048,486.345709,97.058540,-0.029806,0.999515,-0.009031,-0.999543,-0.029849,-0.004724,-0.004992,0.008886,0.999948,0.004725,-0.009031,-1.600608
1622414254.058000,554.293141,486.452220,97.340184,-0.030109,0.999506,-0.009034,-0.999519,-0.030173,-0.007101,-0.007370,0.008816,0.999934,0.007102,-0.009035,-1.600911
1622414254.070000,554.247175,486.360091,97.195376,-0.029817,0.999520,-0.008428,-0.999543,-0.029858,-0.004772,-0.005021,0.008282,0.999953,0.004772,-0.008428,-1.600619
1622414254.079000,554.246455,486.362013,97.196003,-0.029838,0.999519,-0.008417,-0.999542,-0.029879,-0.004775,-0.005024,0.008271,0.999953,0.004775,-0.008417,-1.600640
1622414254.089000,554.324341,486.453386,97.284517,-0.030134,0.999512,-0.008178,-0.999527,-0.030183,-0.005973,-0.006217,0.007994,0.999949,0.005973,-0.008178,-1.600936
1622414254.102000,554.149816,486.355172,97.387428,-0.030401,0.999510,-0.007453,-0.999524,-0.030439,-0.004947,-0.005171,0.007299,0.999960,0.004947,-0.007453,-1.601203
1622414254.110000,554.218104,486.370503,97.332128,-0.030532,0.999515,-0.006131,-0.999528,-0.030553,-0.003352,-0.003537,0.006026,0.999976,0.003352,-0.006131,-1.601334
1622414254.118000,554.246888,486.358444,97.186061,-0.029829,0.999519,-0.008426,-0.999542,-0.029871,-0.004819,-0.005069,0.008278,0.999953,0.004819,-0.008426,-1.600631
1622414254.128000,554.224269,486.362393,97.232025,-0.029819,0.999512,-0.009305,-0.999536,-0.029875,-0.005973,-0.006248,0.009122,0.999939,0.005974,-0.009305,-1.600621
1622414254.138000,554.248989,486.360675,97.188525,-0.029810,0.999520,-0.008456,-0.999543,-0.029850,-0.004752,-0.005002,0.008311,0.999953,0.004752,-0.008456,-1.600611
1622414254.148000,554.225622,486.357541,97.235987,-0.029779,0.999513,-0.009310,-0.999537,-0.029835,-0.005929,-0.006204,0.009129,0.999939,0.005930,-0.009310,-1.600581
1622414254.158000,554.330693,486.149462,96.939732,-0.028960,0.999537,-0.009310,-0.999571,-0.028999,-0.004031,-0.004299,0.009189,0.999949,0.004031,-0.009310,-1.599762
1622414254.168000,554.324503,486.313783,96.944788,-0.029990,0.999489,-0.011050,-0.999527,-0.030063,-0.006554,-0.006883,0.010848,0.999917,0.006555,-0.011050,-1.600792
1622414254.178000,554.247191,486.360098,97.192439,-0.029835,0.999519,-0.008415,-0.999543,-0.029875,-0.004663,-0.004913,0.008272,0.999954,0.004664,-0.008416,-1.600637
1622414254.188000,554.322235,486.347357,97.046726,-0.029809,0.999514,-0.009145,-0.999543,-0.029854,-0.004792,-0.005063,0.008998,0.999947,0.004792,-0.009146,-1.600611
1622414254.199000,554.321775,486.456662,97.292052,-0.030171,0.999512,-0.008149,-0.999526,-0.030219,-0.005909,-0.006152,0.007967,0.999949,0.005909,-0.008150,-1.600973
1622414254.208000,554.245645,486.361654,97.196835,-0.029850,0.999519,-0.008426,-0.999542,-0.029890,-0.004751,-0.005001,0.008280,0.999953,0.004751,-0.008426,-1.600651
1622414254.218000,554.253013,486.358050,97.186575,-0.029817,0.999520,-0.008424,-0.999543,-0.029858,-0.004764,-0.005013,0.008279,0.999953,0.004764,-0.008425,-1.600619
1622414254.228000,554.149801,486.358352,97.391422,-0.030430,0.999509,-0.007436,-0.999523,-0.030467,-0.004961,-0.005185,0.007282,0.999960,0.004961,-0.007437,-1.601232
1622414254.238000,554.248620,486.361111,97.199073,-0.029827,0.999520,-0.008431,-0.999542,-0.029868,-0.004813,-0.005062,0.008284,0.999953,0.004813,-0.008431,-1.600629
1622414254.248000,554.149817,486.355332,97.389388,-0.030441,0.999509,-0.007375,-0.999523,-0.030477,-0.004908,-0.005131,0.007222,0.999961,0.004909,-0.007375,-1.601242
1622414254.258000,554.296953,486.346679,97.094334,-0.029767,0.999508,-0.009923,-0.999538,-0.029827,-0.005886,-0.006179,0.009743,0.999933,0.005886,-0.009923,-1.600570
1622414254.268000,554.105713,486.376198,97.576280,-0.030222,0.999483,-0.010987,-0.999543,-0.030233,-0.000830,-0.001162,0.010957,0.999939,0.000830,-0.010987,-1.601024
1622414254.279000,554.106420,486.376156,97.574467,-0.030218,0.999483,-0.011010,-0.999543,-0.030228,-0.000731,-0.001063,0.010983,0.999939,0.000731,-0.011010,-1.601020
1622414254.288000,554.294064,486.186503,97.028721,-0.028577,0.999535,-0.010675,-0.999572,-0.028641,-0.005885,-0.006188,0.010503,0.999926,0.005885,-0.010676,-1.599379
1622414254.298000,554.222641,486.355631,97.243824,-0.029732,0.999515,-0.009272,-0.999539,-0.029787,-0.005864,-0.006138,0.009093,0.999940,0.005865,-0.009272,-1.600534
1622414254.308000,554.224455,486.359505,97.235473,-0.029778,0.999514,-0.009257,-0.999537,-0.029834,-0.005913,-0.006187,0.009076,0.999940,0.005914,-0.009257,-1.600580
1622414254.318000,554.243043,486.365211,97.197980,-0.029854,0.999518,-0.008464,-0.999541,-0.029896,-0.004816,-0.005067,0.008317,0.999953,0.004817,-0.008464,-1.600656
1622414254.329000,554.366542,486.441165,97.203152,-0.030072,0.999501,-0.009689,-0.999521,-0.030141,-0.007021,-0.007309,0.009474,0.999928,0.007021,-0.009690,-1.600875
1622414254.338000,554.397345,486.441316,97.151913,-0.030111,0.999508,-0.008813,-0.999528,-0.030164,-0.005879,-0.006142,0.008632,0.999944,0.005879,-0.008813,-1.600913
1622414254.348000,554.170610,486.363652,97.338912,-0.030469,0.999514,-0.006652,-0.999527,-0.030496,-0.003898,-0.004099,0.006530,0.999970,0.003898,-0.006652,-1.601271
1622414254.358000,554.143404,486.383268,97.409410,-0.030207,0.999513,-0.007767,-0.999527,-0.030250,-0.005503,-0.005736,0.007597,0.999955,0.005504,-0.007767,-1.601009
1622414254.368000,554.149133,486.355678,97.387042,-0.030419,0.999510,-0.007396,-0.999524,-0.030457,-0.004990,-0.005213,0.007241,0.999960,0.004991,-0.007396,-1.601221
1622414254.379000,554.220420,486.355768,97.241348,-0.029766,0.999513,-0.009318,-0.999538,-0.029823,-0.005950,-0.006225,0.009137,0.999939,0.005950,-0.009318,-1.600568
1622414254.396000,554.152838,486.186258,96.887592,-0.028635,0.999540,-0.010012,-0.999565,-0.028704,-0.006815,-0.007100,0.009813,0.999927,0.006816,-0.010013,-1.599437
1622414254.401000,554.322387,486.350650,97.050715,-0.029820,0.999513,-0.009158,-0.999543,-0.029864,-0.004631,-0.004902,0.009015,0.999947,0.004631,-0.009158,-1.600622
1622414254.408000,554.221389,486.358454,97.241387,-0.029826,0.999511,-0.009339,-0.999536,-0.029882,-0.005913,-0.006189,0.009158,0.999939,0.005913,-0.009339,-1.600628
1622414254.419000,554.131512,486.378313,97.539162,-0.030287,0.999490,-0.010119,-0.999541,-0.030283,0.000587,0.000280,0.010132,0.999949,-0.000587,-0.010119,-1.601090
1622414254.429000,554.282939,486.460610,97.511306,-0.030586,0.999476,-0.010561,-0.999532,-0.030592,-0.000385,-0.000708,0.010545,0.999944,0.000385,-0.010562,-1.601389
1622414254.439000,554.155365,486.596779,97.847472,-0.031006,0.999471,-0.009840,-0.999517,-0.031026,-0.001885,-0.002189,0.009777,0.999950,0.001885,-0.009840,-1.601809
1622414254.448000,554.124153,486.491372,97.772266,-0.030425,0.999498,-0.008837,-0.999537,-0.030421,0.000596,0.000327,0.008851,0.999961,-0.000596,-0.008837,-1.601228
1622414254.459000,554.218471,486.364709,97.249970,-0.029796,0.999514,-0.009218,-0.999537,-0.029851,-0.005965,-0.006237,0.009036,0.999940,0.005965,-0.009218,-1.600598
1622414254.469000,554.219889,486.364836,97.243224,-0.029787,0.999513,-0.009281,-0.999537,-0.029843,-0.005923,-0.006197,0.009100,0.999939,0.005923,-0.009281,-1.600589
1622414254.479000,554.247533,486.216268,97.079971,-0.028334,0.999532,-0.011530,-0.999572,-0.028415,-0.006946,-0.007271,0.011328,0.999909,0.006947,-0.011530,-1.599136
1622414254.488000,554.414150,486.256500,97.043973,-0.029267,0.999531,-0.009000,-0.999556,-0.029315,-0.005326,-0.005588,0.008841,0.999945,0.005327,-0.009001,-1.600068
1622414254.499000,554.220730,486.362404,97.241666,-0.029779,0.999513,-0.009303,-0.999537,-0.029835,-0.005940,-0.006214,0.009122,0.999939,0.005940,-0.009303,-1.600581
1622414254.508000,554.295465,486.448565,97.325954,-0.030084,0.999507,-0.009037,-0.999520,-0.030148,-0.007068,-0.007337,0.008820,0.999934,0.007069,-0.009037,-1.600886
1622414254.519000,554.146938,486.355397,97.380136,-0.030430,0.999510,-0.007393,-0.999524,-0.030466,-0.004849,-0.005072,0.007242,0.999961,0.004849,-0.007393,-1.601232
1622414254.529000,554.217013,486.363640,97.228460,-0.029822,0.999512,-0.009258,-0.999536,-0.029879,-0.005992,-0.006266,0.009075,0.999939,0.005992,-0.009258,-1.600625
1622414254.539000,554.218768,486.363588,97.241361,-0.029802,0.999513,-0.009284,-0.999536,-0.029858,-0.005943,-0.006217,0.009103,0.999939,0.005943,-0.009284,-1.600604
1622414254.549000,554.392261,486.237234,96.990907,-0.028454,0.999550,-0.009445,-0.999585,-0.028494,-0.004180,-0.004447,0.009322,0.999947,0.004180,-0.009445,-1.599255
1622414254.559000,554.291392,486.452139,97.335802,-0.030119,0.999506,-0.009011,-0.999520,-0.030182,-0.007025,-0.007294,0.008795,0.999935,0.007026,-0.009011,-1.600921
1622414254.569000,554.335653,486.149627,96.926511,-0.028950,0.999538,-0.009302,-0.999571,-0.028989,-0.004085,-0.004353,0.009180,0.999948,0.004085,-0.009303,-1.599752
1622414254.580000,554.244149,486.358036,97.191142,-0.029834,0.999519,-0.008461,-0.999542,-0.029875,-0.004805,-0.005055,0.008314,0.999953,0.004805,-0.008461,-1.600635
1622414254.589000,554.221550,486.358062,97.239800,-0.029803,0.999513,-0.009249,-0.999537,-0.029859,-0.005918,-0.006191,0.009068,0.999940,0.005918,-0.009249,-1.600605
1622414254.608000,554.220191,486.362662,97.251873,-0.029797,0.999513,-0.009280,-0.999537,-0.029852,-0.005867,-0.006141,0.009101,0.999940,0.005867,-0.009280,-1.600599
1622414254.613000,554.250515,486.357699,97.196307,-0.029835,0.999519,-0.008410,-0.999542,-0.029875,-0.004731,-0.004980,0.008265,0.999953,0.004731,-0.008411,-1.600636
1622414254.620000,554.148898,486.356621,97.388273,-0.030407,0.999509,-0.007501,-0.999525,-0.030444,-0.004880,-0.005106,0.007349,0.999960,0.004880,-0.007501,-1.601209
1622414254.630000,554.221866,486.355676,97.230780,-0.029763,0.999514,-0.009302,-0.999538,-0.029819,-0.005947,-0.006221,0.009121,0.999939,0.005947,-0.009302,-1.600565
1622414254.640000,554.248700,486.358126,97.205262,-0.029834,0.999520,-0.008378,-0.999543,-0.029875,-0.004713,-0.004961,0.008233,0.999954,0.004713,-0.008378,-1.600636
1622414254.652000,554.246402,486.361651,97.193850,-0.029842,0.999519,-0.008456,-0.999542,-0.029883,-0.004808,-0.005059,0.008309,0.999953,0.004809,-0.008456,-1.600644
1622414254.660000,554.216328,486.357364,97.233086,-0.029830,0.999512,-0.009258,-0.999536,-0.029885,-0.005913,-0.006186,0.009078,0.999940,0.005913,-0.009258,-1.600632
1622414254.670000,554.221488,486.358728,97.234117,-0.029795,0.999513,-0.009244,-0.999537,-0.029851,-0.005972,-0.006245,0.009061,0.999939,0.005973,-0.009244,-1.600597
1622414254.679000,554.225153,486.359965,97.239344,-0.029793,0.999513,-0.009268,-0.999537,-0.029849,-0.005896,-0.006170,0.009088,0.999940,0.005896,-0.009268,-1.600595
1622414254.690000,554.322637,486.344091,97.049486,-0.029824,0.999513,-0.009136,-0.999543,-0.029868,-0.004752,-0.005022,0.008990,0.999947,0.004752,-0.009136,-1.600626
1622414254.700000,554.296850,486.347190,97.100706,-0.029797,0.999507,-0.009882,-0.999537,-0.029856,-0.005908,-0.006200,0.009702,0.999934,0.005909,-0.009882,-1.600599
1622414254.710000,554.103504,486.374303,97.573797,-0.030186,0.999484,-0.010968,-0.999544,-0.030197,-0.000796,-0.001127,0.010939,0.999940,0.000797,-0.010968,-1.600989
1622414254.722000,554.324350,486.368953,97.101802,-0.029687,0.999511,-0.009838,-0.999541,-0.029744,-0.005676,-0.005966,0.009665,0.999936,0.005676,-0.009838,-1.600489
1622414254.730000,554.242963,486.213364,97.080568,-0.028288,0.999533,-0.011542,-0.999574,-0.028369,-0.006889,-0.007213,0.011342,0.999910,0.006889,-0.011542,-1.599090
1622414254.740000,554.246508,486.358573,97.197659,-0.029851,0.999519,-0.008421,-0.999542,-0.029891,-0.004692,-0.004941,0.008277,0.999954,0.004692,-0.008421,-1.600653
1622414254.750000,554.221145,486.361591,97.230852,-0.029804,0.999513,-0.009296,-0.999536,-0.029861,-0.006031,-0.006306,0.009112,0.999939,0.006031,-0.009296,-1.600606
1622414254.761000,554.324331,486.351709,97.038027,-0.029834,0.999513,-0.009196,-0.999542,-0.029879,-0.004779,-0.005051,0.009049,0.999946,0.004779,-0.009196,-1.600636
1622414254.771000,554.347277,486.025959,97.024567,-0.026131,0.999598,-0.010979,-0.999657,-0.026150,-0.001569,-0.001855,0.010935,0.999938,0.001569,-0.010980,-1.596932
1622414254.781000,554.223020,486.359005,97.244195,-0.029783,0.999514,-0.009224,-0.999537,-0.029838,-0.005921,-0.006193,0.009044,0.999940,0.005921,-0.009225,-1.600585
1622414254.797000,554.147149,486.356623,97.387005,-0.030408,0.999510,-0.007431,-0.999524,-0.030445,-0.004936,-0.005160,0.007278,0.999960,0.004936,-0.007431,-1.601209
1622414254.802000,554.448192,486.260650,98.018132,-0.029245,0.999545,-0.007380,-0.999570,-0.029259,-0.001730,-0.001945,0.007326,0.999971,0.001730,-0.007380,-1.600047
1622414254.810000,554.075635,486.397797,97.724555,-0.030952,0.999486,-0.008329,-0.999521,-0.030946,0.000817,0.000559,0.008350,0.999965,-0.000817,-0.008329,-1.601754
1622414254.821000,554.220305,486.359458,97.230673,-0.029812,0.999512,-0.009286,-0.999536,-0.029869,-0.005985,-0.006260,0.009104,0.999939,0.005985,-0.009286,-1.600614
1622414254.830000,554.250282,486.362567,97.186866,-0.029838,0.999519,-0.008459,-0.999542,-0.029879,-0.004780,-0.005031,0.008313,0.999953,0.004781,-0.008459,-1.600640
1622414254.839000,554.334398,486.143954,96.937905,-0.028959,0.999538,-0.009211,-0.999571,-0.028998,-0.004082,-0.004347,0.009089,0.999949,0.004082,-0.009211,-1.599761
1622414254.849000,554.365061,486.246559,97.031913,-0.028354,0.999544,-0.010378,-0.999582,-0.028411,-0.005397,-0.005689,0.010221,0.999932,0.005397,-0.010378,-1.599155
1622414254.861000,554.297206,486.353578,97.089642,-0.029804,0.999506,-0.009939,-0.999536,-0.029864,-0.005946,-0.006240,0.009757,0.999933,0.005946,-0.009939,-1.600606
1622414254.872000,554.352435,486.314138,96.908218,-0.030041,0.999496,-0.010212,-0.999534,-0.030095,-0.005135,-0.005440,0.010053,0.999935,0.005135,-0.010212,-1.600844
1622414254.881000,554.219842,486.359877,97.246056,-0.029776,0.999514,-0.009277,-0.999538,-0.029832,-0.005899,-0.006173,0.009097,0.999940,0.005900,-0.009277,-1.600578
1622414254.891000,554.331040,486.152459,96.936543,-0.028899,0.999538,-0.009396,-0.999572,-0.028939,-0.004204,-0.004474,0.009270,0.999947,0.004204,-0.009396,-1.599701
1622414254.901000,554.323324,486.351282,97.054912,-0.029825,0.999514,-0.009107,-0.999543,-0.029869,-0.004686,-0.004956,0.008964,0.999948,0.004686,-0.009108,-1.600627
1622414254.911000,554.256503,486.155240,96.776343,-0.029361,0.999532,-0.008581,-0.999547,-0.029416,-0.006301,-0.006551,0.008392,0.999943,0.006302,-0.008581,-1.600163
1622414254.927000,554.337378,486.150112,96.941373,-0.028937,0.999538,-0.009268,-0.999572,-0.028976,-0.004131,-0.004398,0.009145,0.999949,0.004131,-0.009269,-1.599738
1622414254.932000,554.291787,486.454514,97.335391,-0.030113,0.999506,-0.009000,-0.999520,-0.030176,-0.007021,-0.007289,0.008785,0.999935,0.007021,-0.009001,-1.600915
1622414254.947000,554.135183,486.377513,97.537192,-0.030258,0.999491,-0.010084,-0.999542,-0.030253,0.000606,0.000301,0.010098,0.999949,-0.000606,-0.010084,-1.601060
1622414254.952000,554.326067,486.346819,97.053147,-0.029840,0.999513,-0.009172,-0.999543,-0.029884,-0.004657,-0.004929,0.009029,0.999947,0.004657,-0.009172,-1.600642
1622414254.960000,554.323331,486.351974,97.053409,-0.029832,0.999513,-0.009104,-0.999543,-0.029876,-0.004700,-0.004970,0.008959,0.999948,0.004701,-0.009104,-1.600634
1622414254.970000,554.225825,486.363764,97.236203,-0.029780,0.999513,-0.009317,-0.999537,-0.029837,-0.005962,-0.006237,0.009135,0.999939,0.005963,-0.009317,-1.600582
1622414254.980000,554.393635,486.116830,96.991026,-0.028371,0.999549,-0.009878,-0.999596,-0.028387,-0.001486,-0.001765,0.009832,0.999950,0.001486,-0.009878,-1.599173
1622414254.990000,554.249402,486.360378,97.186861,-0.029824,0.999519,-0.008486,-0.999542,-0.029866,-0.004823,-0.005074,0.008338,0.999952,0.004823,-0.008486,-1.600626
1622414254.999000,554.223364,486.358279,97.234974,-0.029805,0.999513,-0.009228,-0.999537,-0.029860,-0.005849,-0.006121,0.009049,0.999940,0.005849,-0.009228,-1.600607
1622414255.010000,554.294528,486.449571,97.341916,-0.030112,0.999506,-0.008975,-0.999520,-0.030175,-0.007022,-0.007289,0.008759,0.999935,0.007022,-0.008975,-1.600914
1622414255.019000,554.150747,486.358224,97.385361,-0.030403,0.999510,-0.007389,-0.999525,-0.030439,-0.004899,-0.005121,0.007236,0.999961,0.004899,-0.007389,-1.601205
1622414255.030000,554.220898,486.360536,97.244313,-0.029810,0.999513,-0.009191,-0.999537,-0.029865,-0.005883,-0.006154,0.009012,0.999940,0.005883,-0.009191,-1.600612
1622414255.046000,554.303188,486.150981,96.983340,-0.028905,0.999531,-0.010093,-0.999567,-0.028958,-0.005175,-0.005465,0.009939,0.999936,0.005175,-0.010093,-1.599707
1622414255.051000,554.249101,486.360550,97.191796,-0.029817,0.999519,-0.008473,-0.999543,-0.029858,-0.004819,-0.005070,0.008325,0.999952,0.004820,-0.008473,-1.600619
1622414255.059000,554.150214,486.357130,97.381814,-0.030423,0.999510,-0.007418,-0.999524,-0.030460,-0.004894,-0.005118,0.007266,0.999961,0.004894,-0.007419,-1.601225
1622414255.069000,554.109420,486.368614,97.574000,-0.030193,0.999484,-0.010979,-0.999544,-0.030203,-0.000728,-0.001059,0.010952,0.999939,0.000728,-0.010980,-1.600996
1622414255.086000,554.105775,486.380214,97.570787,-0.030205,0.999483,-0.011052,-0.999543,-0.030216,-0.000830,-0.001164,0.011022,0.999939,0.000831,-0.011052,-1.601008
1622414255.091000,554.108862,486.374392,97.586132,-0.030191,0.999484,-0.010973,-0.999544,-0.030200,-0.000692,-0.001023,0.010947,0.999940,0.000692,-0.010973,-1.600993
1622414255.099000,554.248822,486.362531,97.198428,-0.029841,0.999519,-0.008415,-0.999542,-0.029881,-0.004744,-0.004993,0.008270,0.999953,0.004744,-0.008415,-1.600642
1622414255.109000,554.225049,486.364209,97.238575,-0.029790,0.999513,-0.009255,-0.999537,-0.029846,-0.005975,-0.006248,0.009072,0.999939,0.005975,-0.009255,-1.600592
1622414255.119000,554.217316,486.360271,97.238428,-0.029817,0.999513,-0.009225,-0.999536,-0.029873,-0.005944,-0.006217,0.009043,0.999940,0.005944,-0.009225,-1.600619
1622414255.129000,554.132744,486.375936,97.525286,-0.030276,0.999491,-0.010091,-0.999542,-0.030271,0.000638,0.000332,0.010106,0.999949,-0.000638,-0.010091,-1.601078
1622414255.139000,554.104011,486.377661,97.579955,-0.030240,0.999483,-0.010892,-0.999542,-0.030250,-0.000756,-0.001085,0.010864,0.999940,0.000756,-0.010892,-1.601043
1622414255.149000,554.185298,486.467335,97.693084,-0.030550,0.999475,-0.010817,-0.999531,-0.030573,-0.001902,-0.002231,0.010754,0.999940,0.001902,-0.010817,-1.601353
1622414255.159000,554.055527,486.385950,97.698328,-0.030937,0.999489,-0.008084,-0.999521,-0.030926,0.001478,0.001228,0.008126,0.999966,-0.001478,-0.008085,-1.601739
1622414255.169000,554.218350,486.362746,97.242977,-0.029822,0.999513,-0.009221,-0.999536,-0.029876,-0.005866,-0.006139,0.009042,0.999940,0.005866,-0.009221,-1.600624
1622414255.179000,554.223248,486.355740,97.241812,-0.029779,0.999514,-0.009217,-0.999538,-0.029834,-0.005853,-0.006126,0.009038,0.999940,0.005854,-0.009217,-1.600581
