1622413047.077000,116.156356,1157.054263,342.570771,-0.179732,0.983708,-0.003840,-0.983715,-0.179727,0.001619,0.000903,0.004068,0.999991,-0.001619,-0.003840,-1.751512
1622413047.102000,116.159414,1157.054089,342.569073,-0.179722,0.983710,-0.003783,-0.983717,-0.179717,0.001716,0.001008,0.004030,0.999991,-0.001716,-0.003783,-1.751502
1622413047.146000,116.158246,1157.054626,342.577508,-0.179730,0.983709,-0.003818,-0.983715,-0.179725,0.001693,0.000980,0.004060,0.999991,-0.001693,-0.003818,-1.751510
1622413047.154000,116.157945,1157.054548,342.569793,-0.179731,0.983708,-0.003813,-0.983715,-0.179725,0.001680,0.000967,0.004053,0.999991,-0.001680,-0.003813,-1.751510
1622413047.163000,116.156992,1157.057589,342.570126,-0.179730,0.983709,-0.003833,-0.983715,-0.179725,0.001706,0.000989,0.004077,0.999991,-0.001706,-0.003833,-1.751510
1622413047.169000,116.158646,1157.060628,342.568261,-0.179738,0.983707,-0.003825,-0.983714,-0.179732,0.001683,0.000968,0.004065,0.999991,-0.001683,-0.003825,-1.751517
1622413047.183000,116.158631,1157.058216,342.565659,-0.179730,0.983708,-0.003842,-0.983716,-0.179725,0.001667,0.000949,0.004079,0.999991,-0.001667,-0.003842,-1.751510
1622413047.190000,116.159856,1157.056225,342.573041,-0.179717,0.983711,-0.003800,-0.983718,-0.179712,0.001688,0.000977,0.004041,0.999991,-0.001688,-0.003800,-1.751497
1622413047.198000,116.154282,1157.053709,342.575529,-0.179725,0.983709,-0.003801,-0.983716,-0.179720,0.001705,0.000994,0.004046,0.999991,-0.001705,-0.003801,-1.751505
1622413047.213000,116.156409,1157.054218,342.572017,-0.179715,0.983711,-0.003817,-0.983718,-0.179710,0.001699,0.000985,0.004060,0.999991,-0.001699,-0.003817,-1.751495
1622413047.220000,116.155078,1157.059439,342.564976,-0.179740,0.983707,-0.003815,-0.983714,-0.179734,0.001684,0.000971,0.004056,0.999991,-0.001684,-0.003815,-1.751519
1622413047.228000,116.158776,1157.058021,342.564873,-0.179738,0.983707,-0.003816,-0.983714,-0.179733,0.001672,0.000959,0.004054,0.999991,-0.001672,-0.003816,-1.751518
1622413047.239000,116.156288,1157.056935,342.573426,-0.179712,0.983712,-0.003795,-0.983719,-0.179706,0.001715,0.001005,0.004042,0.999991,-0.001715,-0.003795,-1.751491
1622413047.248000,116.159487,1157.056203,342.574088,-0.179740,0.983707,-0.003803,-0.983714,-0.179735,0.001656,0.000946,0.004039,0.999991,-0.001656,-0.003803,-1.751520
1622413047.259000,116.157273,1157.056484,342.572975,-0.179725,0.983709,-0.003843,-0.983716,-0.179720,0.001649,0.000932,0.004076,0.999991,-0.001649,-0.003843,-1.751505
1622413047.269000,116.161890,1157.054153,342.574722,-0.179728,0.983709,-0.003799,-0.983716,-0.179723,0.001688,0.000978,0.004040,0.999991,-0.001688,-0.003799,-1.751507
1622413047.279000,116.158631,1157.057606,342.571839,-0.179737,0.983707,-0.003810,-0.983714,-0.179731,0.001733,0.001020,0.004060,0.999991,-0.001733,-0.003810,-1.751516
1622413047.288000,116.155523,1157.052771,342.573583,-0.179730,0.983709,-0.003816,-0.983716,-0.179725,0.001687,0.000973,0.004057,0.999991,-0.001687,-0.003816,-1.751510
1622413047.298000,116.158163,1157.053771,342.576746,-0.179724,0.983710,-0.003811,-0.983717,-0.179718,0.001682,0.000970,0.004051,0.999991,-0.001682,-0.003811,-1.751503
1622413047.308000,116.157309,1157.053976,342.576294,-0.179730,0.983709,-0.003838,-0.983716,-0.179725,0.001650,0.000934,0.004072,0.999991,-0.001650,-0.003838,-1.751510
1622413047.319000,116.320397,1157.107739,342.255693,-0.179947,0.983664,-0.004960,-0.983676,-0.179941,0.001669,0.000750,0.005179,0.999986,-0.001669,-0.004960,-1.751732
1622413047.328000,116.158166,1157.055375,342.574641,-0.179732,0.983708,-0.003818,-0.983715,-0.179727,0.001651,0.000938,0.004052,0.999991,-0.001651,-0.003818,-1.751512
1622413047.342000,116.158987,1157.055529,342.573305,-0.179733,0.983708,-0.003831,-0.983715,-0.179728,0.001693,0.000977,0.004073,0.999991,-0.001693,-0.003831,-1.751513
1622413047.349000,116.155952,1157.056756,342.576208,-0.179722,0.983710,-0.003826,-0.983717,-0.179717,0.001683,0.000968,0.004066,0.999991,-0.001683,-0.003826,-1.751501
1622413047.358000,116.156746,1157.051988,342.575009,-0.179730,0.983709,-0.003792,-0.983715,-0.179724,0.001754,0.001044,0.004045,0.999991,-0.001754,-0.003792,-1.751509
1622413047.368000,116.156188,1157.053850,342.576321,-0.179717,0.983711,-0.003769,-0.983718,-0.179712,0.001732,0.001026,0.004019,0.999991,-0.001732,-0.003769,-1.751496
1622413047.378000,116.159574,1157.051758,342.575795,-0.179714,0.983712,-0.003800,-0.983718,-0.179709,0.001704,0.000993,0.004045,0.999991,-0.001704,-0.003800,-1.751493
1622413047.392000,116.156734,1157.052861,342.581571,-0.179732,0.983708,-0.003825,-0.983715,-0.179727,0.001662,0.000948,0.004062,0.999991,-0.001662,-0.003825,-1.751511
1622413047.398000,116.158776,1157.054222,342.576402,-0.179733,0.983708,-0.003811,-0.983715,-0.179728,0.001665,0.000953,0.004048,0.999991,-0.001665,-0.003811,-1.751513
1622413047.408000,116.157105,1157.053818,342.570301,-0.179726,0.983709,-0.003826,-0.983716,-0.179721,0.001656,0.000942,0.004061,0.999991,-0.001656,-0.003826,-1.751505
1622413047.418000,116.157344,1157.053659,342.570935,-0.179729,0.983709,-0.003838,-0.983716,-0.179724,0.001663,0.000946,0.004074,0.999991,-0.001663,-0.003838,-1.751509
1622413047.429000,116.158800,1157.052909,342.574915,-0.179716,0.983711,-0.003821,-0.983718,-0.179711,0.001692,0.000978,0.004063,0.999991,-0.001692,-0.003821,-1.751496
1622413047.438000,116.317715,1157.107445,342.255597,-0.179956,0.983662,-0.004984,-0.983674,-0.179950,0.001622,0.000699,0.005194,0.999986,-0.001622,-0.004984,-1.751740
1622413047.448000,116.158566,1157.055328,342.570397,-0.179725,0.983709,-0.003856,-0.983716,-0.179720,0.001689,0.000969,0.004097,0.999991,-0.001689,-0.003856,-1.751505
1622413047.458000,116.473693,1157.048394,342.564283,-0.179667,0.983720,-0.003804,-0.983727,-0.179661,0.002046,0.001329,0.004110,0.999991,-0.002046,-0.003804,-1.751446
1622413047.468000,116.160255,1157.055422,342.571470,-0.179740,0.983707,-0.003838,-0.983714,-0.179735,0.001666,0.000949,0.004075,0.999991,-0.001666,-0.003838,-1.751520
1622413047.479000,116.157584,1157.052509,342.578784,-0.179726,0.983709,-0.003790,-0.983716,-0.179721,0.001752,0.001042,0.004043,0.999991,-0.001752,-0.003790,-1.751506
1622413047.489000,116.157437,1157.054844,342.569722,-0.179727,0.983709,-0.003829,-0.983716,-0.179721,0.001690,0.000975,0.004071,0.999991,-0.001690,-0.003829,-1.751506
1622413047.525000,116.157490,1157.056123,342.573259,-0.179738,0.983707,-0.003814,-0.983714,-0.179733,0.001676,0.000963,0.004053,0.999991,-0.001676,-0.003814,-1.751518
1622413047.532000,116.158027,1157.054704,342.573979,-0.179724,0.983710,-0.003847,-0.983717,-0.179719,0.001621,0.000903,0.004076,0.999991,-0.001621,-0.003847,-1.751504
1622413047.537000,116.159659,1157.052585,342.571090,-0.179725,0.983710,-0.003788,-0.983716,-0.179719,0.001681,0.000973,0.004029,0.999991,-0.001681,-0.003788,-1.751504
1622413047.547000,116.160493,1157.053551,342.574619,-0.179725,0.983709,-0.003829,-0.983716,-0.179720,0.001655,0.000940,0.004064,0.999991,-0.001655,-0.003829,-1.751504
1622413047.558000,116.158746,1157.055666,342.571352,-0.179734,0.983708,-0.003814,-0.983715,-0.179729,0.001675,0.000962,0.004053,0.999991,-0.001675,-0.003814,-1.751514
1622413047.567000,116.156005,1157.056083,342.568644,-0.179731,0.983708,-0.003813,-0.983715,-0.179726,0.001691,0.000978,0.004054,0.999991,-0.001691,-0.003813,-1.751511
1622413047.578000,116.156097,1157.055955,342.569379,-0.179721,0.983710,-0.003822,-0.983717,-0.179716,0.001651,0.000937,0.004056,0.999991,-0.001651,-0.003822,-1.751500
1622413047.588000,116.158676,1157.054877,342.573977,-0.179717,0.983711,-0.003811,-0.983718,-0.179711,0.001701,0.000989,0.004055,0.999991,-0.001701,-0.003811,-1.751496
1622413047.598000,116.158581,1157.057020,342.571426,-0.179729,0.983709,-0.003848,-0.983716,-0.179724,0.001677,0.000958,0.004087,0.999991,-0.001677,-0.003848,-1.751508
1622413047.609000,116.157801,1157.054260,342.574893,-0.179726,0.983709,-0.003830,-0.983716,-0.179721,0.001707,0.000991,0.004074,0.999991,-0.001707,-0.003830,-1.751506
1622413047.618000,116.157957,1157.050856,342.571875,-0.179732,0.983708,-0.003846,-0.983715,-0.179727,0.001661,0.000943,0.004082,0.999991,-0.001661,-0.003846,-1.751512
1622413047.632000,116.183314,1157.041875,342.493032,-0.179694,0.983712,-0.004448,-0.983722,-0.179690,0.001267,0.000447,0.004603,0.999989,-0.001267,-0.004448,-1.751474
1622413047.639000,116.157902,1157.055926,342.571757,-0.179727,0.983709,-0.003850,-0.983716,-0.179722,0.001620,0.000902,0.004079,0.999991,-0.001620,-0.003850,-1.751507
1622413047.648000,116.155325,1157.054507,342.574850,-0.179735,0.983708,-0.003796,-0.983714,-0.179730,0.001761,0.001050,0.004051,0.999991,-0.001761,-0.003796,-1.751515
1622413047.658000,116.161653,1157.055984,342.573515,-0.179724,0.983710,-0.003811,-0.983717,-0.179719,0.001665,0.000953,0.004048,0.999991,-0.001665,-0.003811,-1.751504
1622413047.668000,116.157948,1157.058251,342.571752,-0.179723,0.983710,-0.003844,-0.983717,-0.179718,0.001658,0.000941,0.004079,0.999991,-0.001658,-0.003844,-1.751503
1622413047.679000,116.155574,1157.054599,342.571817,-0.179727,0.983709,-0.003807,-0.983716,-0.179722,0.001706,0.000994,0.004051,0.999991,-0.001706,-0.003807,-1.751507
1622413047.688000,116.156445,1157.053354,342.572539,-0.179728,0.983709,-0.003844,-0.983716,-0.179723,0.001673,0.000955,0.004082,0.999991,-0.001673,-0.003844,-1.751508
1622413047.698000,116.158849,1157.057449,342.571752,-0.179723,0.983710,-0.003803,-0.983717,-0.179717,0.001769,0.001056,0.004059,0.999991,-0.001769,-0.003803,-1.751502
1622413047.708000,116.159044,1157.057273,342.576543,-0.179728,0.983709,-0.003825,-0.983716,-0.179723,0.001656,0.000941,0.004060,0.999991,-0.001656,-0.003825,-1.751508
1622413047.723000,116.158211,1157.057534,342.575268,-0.179721,0.983710,-0.003835,-0.983717,-0.179716,0.001633,0.000918,0.004066,0.999991,-0.001633,-0.003835,-1.751501
1622413047.728000,116.156132,1157.055832,342.574480,-0.179735,0.983708,-0.003807,-0.983715,-0.179729,0.001686,0.000974,0.004048,0.999991,-0.001686,-0.003807,-1.751514
1622413047.739000,116.157411,1157.053844,342.573789,-0.179720,0.983710,-0.003831,-0.983717,-0.179715,0.001634,0.000919,0.004062,0.999991,-0.001634,-0.003831,-1.751500
1622413047.749000,116.161838,1157.052190,342.570272,-0.179718,0.983711,-0.003812,-0.983718,-0.179712,0.001701,0.000988,0.004056,0.999991,-0.001701,-0.003812,-1.751497
1622413047.759000,116.159023,1157.054478,342.568877,-0.179728,0.983709,-0.003851,-0.983716,-0.179723,0.001574,0.000856,0.004072,0.999991,-0.001574,-0.003851,-1.751508
1622413047.771000,116.154980,1157.057722,342.567017,-0.179736,0.983707,-0.003825,-0.983714,-0.179731,0.001651,0.000936,0.004060,0.999991,-0.001651,-0.003825,-1.751516
1622413047.782000,116.158025,1157.057191,342.565488,-0.179730,0.983709,-0.003828,-0.983716,-0.179725,0.001649,0.000934,0.004062,0.999991,-0.001649,-0.003828,-1.751510
1622413047.794000,116.158109,1157.052934,342.569807,-0.179728,0.983709,-0.003830,-0.983716,-0.179723,0.001663,0.000947,0.004067,0.999991,-0.001663,-0.003830,-1.751507
1622413047.804000,116.158676,1157.056219,342.572542,-0.179721,0.983710,-0.003802,-0.983717,-0.179716,0.001648,0.000938,0.004036,0.999991,-0.001648,-0.003802,-1.751500
1622413047.810000,116.072236,1157.084996,342.819535,-0.179685,0.983715,-0.004163,-0.983724,-0.179680,0.001688,0.000912,0.004399,0.999990,-0.001688,-0.004163,-1.751464
1622413047.824000,116.156395,1157.056003,342.573714,-0.179726,0.983709,-0.003801,-0.983716,-0.179721,0.001719,0.001008,0.004048,0.999991,-0.001719,-0.003801,-1.751506
1622413047.830000,116.121406,1157.012878,342.566113,-0.180073,0.983646,-0.003879,-0.983653,-0.180068,0.001577,0.000853,0.004100,0.999991,-0.001577,-0.003879,-1.751858
1622413047.841000,116.158253,1157.053023,342.571280,-0.179729,0.983709,-0.003815,-0.983716,-0.179724,0.001648,0.000935,0.004049,0.999991,-0.001648,-0.003815,-1.751508
1622413047.848000,116.155490,1157.055351,342.573793,-0.179738,0.983707,-0.003797,-0.983714,-0.179733,0.001717,0.001007,0.004043,0.999991,-0.001717,-0.003797,-1.751518
1622413047.863000,116.158820,1157.054011,342.572404,-0.179738,0.983707,-0.003827,-0.983714,-0.179732,0.001620,0.000906,0.004055,0.999991,-0.001620,-0.003827,-1.751517
1622413047.869000,116.157151,1157.057771,342.566261,-0.179729,0.983709,-0.003808,-0.983716,-0.179724,0.001678,0.000966,0.004047,0.999991,-0.001678,-0.003808,-1.751509
1622413047.878000,116.157953,1157.055054,342.571621,-0.179726,0.983709,-0.003805,-0.983716,-0.179721,0.001659,0.000948,0.004041,0.999991,-0.001659,-0.003805,-1.751505
1622413047.893000,116.158336,1157.054866,342.574834,-0.179721,0.983710,-0.003825,-0.983717,-0.179716,0.001672,0.000958,0.004064,0.999991,-0.001672,-0.003825,-1.751501
1622413047.898000,116.158461,1157.056387,342.570429,-0.179725,0.983710,-0.003801,-0.983716,-0.179720,0.001715,0.001004,0.004048,0.999991,-0.001715,-0.003801,-1.751505
1622413047.909000,116.157193,1157.056622,342.568651,-0.179729,0.983709,-0.003803,-0.983716,-0.179723,0.001698,0.000987,0.004046,0.999991,-0.001698,-0.003803,-1.751508
1622413047.918000,116.365592,1157.073130,342.571885,-0.179737,0.983706,-0.004102,-0.983714,-0.179730,0.002060,0.001289,0.004405,0.999989,-0.002060,-0.004102,-1.751517
1622413047.929000,116.159790,1157.054150,342.574124,-0.179740,0.983707,-0.003800,-0.983714,-0.179735,0.001715,0.001004,0.004046,0.999991,-0.001715,-0.003800,-1.751520
1622413047.938000,116.159199,1157.056750,342.568457,-0.179734,0.983708,-0.003854,-0.983715,-0.179729,0.001649,0.000929,0.004087,0.999991,-0.001649,-0.003854,-1.751514
1622413047.948000,116.159386,1157.057158,342.568377,-0.179732,0.983708,-0.003825,-0.983715,-0.179727,0.001685,0.000970,0.004066,0.999991,-0.001685,-0.003825,-1.751512
1622413047.958000,116.156326,1157.050650,342.574974,-0.179720,0.983710,-0.003808,-0.983717,-0.179714,0.001671,0.000960,0.004046,0.999991,-0.001671,-0.003808,-1.751499
1622413047.968000,116.156469,1157.052282,342.575660,-0.179730,0.983709,-0.003803,-0.983715,-0.179725,0.001750,0.001038,0.004055,0.999991,-0.001750,-0.003803,-1.751510
1622413047.978000,116.155352,1157.056788,342.576063,-0.179723,0.983710,-0.003809,-0.983717,-0.179717,0.001709,0.000997,0.004054,0.999991,-0.001709,-0.003809,-1.751502
1622413047.988000,116.158504,1157.055858,342.571283,-0.179730,0.983708,-0.003832,-0.983715,-0.179725,0.001637,0.000922,0.004064,0.999991,-0.001638,-0.003832,-1.751510
1622413047.998000,116.157672,1157.053151,342.570388,-0.179720,0.983710,-0.003819,-0.983717,-0.179715,0.001674,0.000960,0.004058,0.999991,-0.001674,-0.003819,-1.751500
1622413048.008000,116.157539,1157.053600,342.571168,-0.179728,0.983709,-0.003804,-0.983716,-0.179722,0.001704,0.000993,0.004049,0.999991,-0.001704,-0.003804,-1.751507
1622413048.023000,116.187818,1157.040339,342.487724,-0.179665,0.983718,-0.004474,-0.983728,-0.179661,0.001207,0.000384,0.004618,0.999989,-0.001207,-0.004474,-1.751444
1622413048.028000,116.157260,1157.053014,342.573755,-0.179725,0.983710,-0.003784,-0.983716,-0.179719,0.001726,0.001018,0.004033,0.999991,-0.001726,-0.003784,-1.751504
1622413048.039000,116.157400,1157.055042,342.573213,-0.179730,0.983709,-0.003815,-0.983716,-0.179724,0.001691,0.000978,0.004057,0.999991,-0.001691,-0.003815,-1.751509
1622413048.048000,116.474188,1157.048515,342.564187,-0.179671,0.983719,-0.003781,-0.983726,-0.179664,0.002159,0.001444,0.004108,0.999991,-0.002159,-0.003781,-1.751450
1622413048.058000,116.156693,1157.055786,342.573046,-0.179735,0.983708,-0.003805,-0.983715,-0.179730,0.001667,0.000956,0.004043,0.999991,-0.001667,-0.003805,-1.751515
1622413048.068000,116.153636,1157.051639,342.574410,-0.179729,0.983709,-0.003820,-0.983716,-0.179724,0.001690,0.000976,0.004061,0.999991,-0.001690,-0.003820,-1.751509
1622413048.079000,116.159486,1157.054328,342.575722,-0.179734,0.983708,-0.003838,-0.983715,-0.179729,0.001678,0.000960,0.004077,0.999991,-0.001678,-0.003838,-1.751514
1622413048.089000,116.156371,1157.055274,342.574985,-0.179721,0.983710,-0.003803,-0.983717,-0.179715,0.001714,0.001002,0.004050,0.999991,-0.001714,-0.003803,-1.751500
1622413048.098000,116.159787,1157.054609,342.570330,-0.179735,0.983708,-0.003824,-0.983714,-0.179730,0.001744,0.001028,0.004075,0.999991,-0.001744,-0.003824,-1.751515
1622413048.108000,116.156135,1157.055901,342.570132,-0.179728,0.983709,-0.003861,-0.983716,-0.179723,0.001629,0.000909,0.004091,0.999991,-0.001629,-0.003861,-1.751508
1622413048.118000,116.153976,1157.054525,342.578241,-0.179732,0.983708,-0.003808,-0.983715,-0.179727,0.001719,0.001006,0.004055,0.999991,-0.001719,-0.003808,-1.751512
1622413048.128000,116.160118,1157.054161,342.573717,-0.179733,0.983708,-0.003857,-0.983715,-0.179728,0.001621,0.000901,0.004086,0.999991,-0.001621,-0.003857,-1.751513
1622413048.138000,116.158620,1157.053157,342.571430,-0.179734,0.983708,-0.003824,-0.983715,-0.179728,0.001700,0.000985,0.004067,0.999991,-0.001700,-0.003824,-1.751513
1622413048.152000,116.156971,1157.053993,342.569493,-0.179727,0.983709,-0.003824,-0.983716,-0.179722,0.001645,0.000931,0.004057,0.999991,-0.001645,-0.003824,-1.751507
1622413048.158000,116.157451,1157.054105,342.573269,-0.179723,0.983710,-0.003815,-0.983717,-0.179717,0.001706,0.000993,0.004060,0.999991,-0.001706,-0.003815,-1.751502
1622413048.168000,116.157640,1157.051960,342.574694,-0.179733,0.983708,-0.003814,-0.983715,-0.179728,0.001705,0.000991,0.004058,0.999991,-0.001705,-0.003814,-1.751513
1622413048.178000,116.156424,1157.054396,342.570384,-0.179718,0.983711,-0.003802,-0.983718,-0.179713,0.001663,0.000952,0.004039,0.999991,-0.001663,-0.003802,-1.751497
1622413048.188000,116.159032,1157.053733,342.569093,-0.179726,0.983709,-0.003833,-0.983716,-0.179721,0.001634,0.000918,0.004064,0.999991,-0.001634,-0.003833,-1.751506
1622413048.198000,116.161006,1157.054881,342.569632,-0.179730,0.983709,-0.003845,-0.983716,-0.179725,0.001567,0.000850,0.004064,0.999991,-0.001567,-0.003845,-1.751509
1622413048.213000,116.156984,1157.051710,342.578468,-0.179726,0.983709,-0.003777,-0.983716,-0.179721,0.001766,0.001058,0.004033,0.999991,-0.001766,-0.003777,-1.751506
1622413048.218000,116.160329,1157.053331,342.570370,-0.179722,0.983710,-0.003823,-0.983717,-0.179716,0.001660,0.000946,0.004059,0.999991,-0.001660,-0.003823,-1.751501
1622413048.228000,116.157201,1157.049999,342.573793,-0.179725,0.983710,-0.003781,-0.983716,-0.179719,0.001765,0.001057,0.004036,0.999991,-0.001765,-0.003781,-1.751504
1622413048.238000,116.159309,1157.053321,342.570620,-0.179722,0.983710,-0.003827,-0.983717,-0.179717,0.001664,0.000949,0.004064,0.999991,-0.001664,-0.003827,-1.751502
1622413048.248000,116.160863,1157.053187,342.570054,-0.179727,0.983709,-0.003831,-0.983716,-0.179721,0.001633,0.000918,0.004062,0.999991,-0.001633,-0.003831,-1.751506
1622413048.258000,116.154156,1157.052488,342.573077,-0.179725,0.983710,-0.003820,-0.983716,-0.179719,0.001694,0.000980,0.004063,0.999991,-0.001694,-0.003820,-1.751504
1622413048.273000,116.158124,1157.048932,342.572166,-0.179732,0.983708,-0.003799,-0.983715,-0.179727,0.001691,0.000980,0.004041,0.999991,-0.001691,-0.003799,-1.751512
1622413048.279000,116.157414,1157.055474,342.570336,-0.179733,0.983708,-0.003842,-0.983715,-0.179728,0.001642,0.000925,0.004074,0.999991,-0.001642,-0.003842,-1.751513
1622413048.289000,116.158679,1157.056031,342.570766,-0.179721,0.983710,-0.003825,-0.983717,-0.179715,0.001643,0.000928,0.004058,0.999991,-0.001643,-0.003825,-1.751500
1622413048.299000,116.075998,1157.087878,342.814062,-0.179680,0.983716,-0.004171,-0.983725,-0.179675,0.001711,0.000933,0.004410,0.999990,-0.001711,-0.004171,-1.751459
1622413048.309000,116.155636,1157.053773,342.572239,-0.179739,0.983707,-0.003858,-0.983714,-0.179734,0.001665,0.000945,0.004095,0.999991,-0.001665,-0.003858,-1.751519
1622413048.318000,116.159508,1157.054441,342.575849,-0.179723,0.983710,-0.003818,-0.983717,-0.179717,0.001709,0.000995,0.004063,0.999991,-0.001709,-0.003818,-1.751502
1622413048.329000,116.159230,1157.055707,342.572639,-0.179733,0.983708,-0.003839,-0.983715,-0.179727,0.001670,0.000953,0.004076,0.999991,-0.001670,-0.003839,-1.751512
1622413048.338000,116.157428,1157.054838,342.571924,-0.179721,0.983710,-0.003774,-0.983717,-0.179716,0.001726,0.001020,0.004022,0.999991,-0.001726,-0.003774,-1.751501
1622413048.348000,116.157888,1157.056458,342.572873,-0.179728,0.983709,-0.003807,-0.983716,-0.179723,0.001686,0.000975,0.004048,0.999991,-0.001686,-0.003807,-1.751508
1622413048.363000,116.160306,1157.057715,342.571012,-0.179735,0.983708,-0.003799,-0.983715,-0.179729,0.001705,0.000995,0.004044,0.999991,-0.001705,-0.003799,-1.751514
1622413048.368000,116.159480,1157.057246,342.570818,-0.179726,0.983709,-0.003825,-0.983716,-0.179720,0.001668,0.000953,0.004063,0.999991,-0.001668,-0.003826,-1.751505
1622413048.378000,116.158502,1157.053894,342.581695,-0.179729,0.983709,-0.003786,-0.983716,-0.179724,0.001755,0.001046,0.004040,0.999991,-0.001755,-0.003786,-1.751509
1622413048.393000,116.365334,1157.074669,342.570241,-0.179739,0.983706,-0.004110,-0.983714,-0.179731,0.002061,0.001289,0.004414,0.999989,-0.002061,-0.004110,-1.751519
1622413048.398000,116.156793,1157.051405,342.573147,-0.179732,0.983708,-0.003797,-0.983715,-0.179727,0.001708,0.000998,0.004042,0.999991,-0.001708,-0.003797,-1.751512
1622413048.409000,116.157737,1157.051507,342.571385,-0.179731,0.983708,-0.003829,-0.983715,-0.179725,0.001669,0.000954,0.004066,0.999991,-0.001669,-0.003829,-1.751510
1622413048.423000,116.154505,1157.056977,342.566236,-0.179744,0.983706,-0.003821,-0.983713,-0.179739,0.001702,0.000988,0.004064,0.999991,-0.001702,-0.003821,-1.751524
1622413048.429000,116.159365,1157.057220,342.564698,-0.179723,0.983710,-0.003843,-0.983717,-0.179718,0.001615,0.000898,0.004070,0.999991,-0.001615,-0.003843,-1.751502
1622413048.439000,116.160134,1157.054042,342.570762,-0.179729,0.983709,-0.003815,-0.983716,-0.179723,0.001681,0.000968,0.004055,0.999991,-0.001681,-0.003815,-1.751508
1622413048.448000,116.469331,1157.046939,342.572476,-0.179663,0.983721,-0.003756,-0.983727,-0.179656,0.002179,0.001469,0.004086,0.999991,-0.002179,-0.003756,-1.751441
1622413048.458000,116.155487,1157.053166,342.572519,-0.179733,0.983708,-0.003808,-0.983715,-0.179728,0.001684,0.000973,0.004048,0.999991,-0.001684,-0.003808,-1.751513
1622413048.468000,116.158432,1157.052526,342.566375,-0.179733,0.983708,-0.003845,-0.983715,-0.179728,0.001660,0.000941,0.004081,0.999991,-0.001660,-0.003845,-1.751513
1622413048.478000,116.158879,1157.055968,342.569856,-0.179730,0.983708,-0.003845,-0.983716,-0.179725,0.001669,0.000951,0.004083,0.999991,-0.001669,-0.003845,-1.751509
1622413048.488000,116.156955,1157.056657,342.570809,-0.179737,0.983707,-0.003822,-0.983714,-0.179732,0.001684,0.000970,0.004062,0.999991,-0.001684,-0.003822,-1.751517
1622413048.498000,116.159223,1157.055326,342.568553,-0.179721,0.983710,-0.003826,-0.983717,-0.179716,0.001668,0.000953,0.004063,0.999991,-0.001668,-0.003826,-1.751501
1622413048.508000,116.157589,1157.053000,342.577613,-0.179727,0.983709,-0.003816,-0.983716,-0.179722,0.001665,0.000952,0.004053,0.999991,-0.001665,-0.003816,-1.751507
1622413048.518000,116.473832,1157.046271,342.570557,-0.179680,0.983718,-0.003785,-0.983724,-0.179673,0.002143,0.001428,0.004109,0.999991,-0.002143,-0.003785,-1.751459
1622413048.528000,116.156073,1157.054908,342.571538,-0.179734,0.983708,-0.003808,-0.983715,-0.179729,0.001724,0.001011,0.004056,0.999991,-0.001724,-0.003808,-1.751514
1622413048.538000,116.159546,1157.055471,342.568964,-0.179725,0.983710,-0.003827,-0.983717,-0.179719,0.001669,0.000954,0.004065,0.999991,-0.001669,-0.003827,-1.751504
1622413048.548000,116.156567,1157.052009,342.574052,-0.179738,0.983707,-0.003781,-0.983714,-0.179733,0.001759,0.001051,0.004035,0.999991,-0.001759,-0.003781,-1.751518
1622413048.558000,116.156197,1157.052958,342.576929,-0.179719,0.983711,-0.003787,-0.983717,-0.179714,0.001717,0.001008,0.004034,0.999991,-0.001717,-0.003787,-1.751499
1622413048.573000,116.469027,1157.051346,342.565175,-0.179703,0.983713,-0.003843,-0.983720,-0.179696,0.002100,0.001376,0.004158,0.999990,-0.002100,-0.003843,-1.751482
1622413048.579000,116.161229,1157.052737,342.574002,-0.179734,0.983708,-0.003845,-0.983715,-0.179728,0.001668,0.000950,0.004082,0.999991,-0.001668,-0.003845,-1.751513
1622413048.589000,116.157234,1157.052805,342.573813,-0.179725,0.983710,-0.003761,-0.983716,-0.179720,0.001709,0.001005,0.004007,0.999991,-0.001709,-0.003761,-1.751505
1622413048.603000,116.471183,1157.049009,342.565244,-0.179665,0.983721,-0.003790,-0.983727,-0.179658,0.002102,0.001387,0.004106,0.999991,-0.002102,-0.003790,-1.751443
1622413048.608000,116.158794,1157.053732,342.565996,-0.179735,0.983708,-0.003802,-0.983715,-0.179730,0.001694,0.000983,0.004044,0.999991,-0.001694,-0.003802,-1.751515
1622413048.618000,116.156335,1157.053732,342.574446,-0.179725,0.983710,-0.003806,-0.983716,-0.179720,0.001673,0.000962,0.004045,0.999991,-0.001673,-0.003806,-1.751505
1622413048.629000,116.158230,1157.052438,342.573134,-0.179730,0.983708,-0.003837,-0.983715,-0.179725,0.001694,0.000977,0.004079,0.999991,-0.001694,-0.003837,-1.751510
1622413048.638000,116.159892,1157.053128,342.570879,-0.179730,0.983708,-0.003835,-0.983715,-0.179725,0.001694,0.000977,0.004077,0.999991,-0.001694,-0.003835,-1.751510
1622413048.648000,116.159177,1157.054706,342.570679,-0.179726,0.983709,-0.003838,-0.983716,-0.179721,0.001669,0.000952,0.004076,0.999991,-0.001669,-0.003838,-1.751505
1622413048.663000,116.159095,1157.053259,342.578108,-0.179725,0.983710,-0.003787,-0.983716,-0.179719,0.001740,0.001031,0.004038,0.999991,-0.001740,-0.003787,-1.751504
1622413048.669000,116.158281,1157.054682,342.572956,-0.179724,0.983710,-0.003813,-0.983717,-0.179718,0.001694,0.000981,0.004055,0.999991,-0.001694,-0.003813,-1.751503
1622413048.679000,116.157483,1157.053340,342.572481,-0.179729,0.983709,-0.003804,-0.983716,-0.179724,0.001712,0.001001,0.004049,0.999991,-0.001712,-0.003804,-1.751509
1622413048.688000,116.159103,1157.055228,342.566893,-0.179732,0.983708,-0.003809,-0.983715,-0.179727,0.001712,0.001000,0.004055,0.999991,-0.001712,-0.003809,-1.751512
1622413048.703000,116.159168,1157.051001,342.573514,-0.179731,0.983709,-0.003809,-0.983715,-0.179725,0.001679,0.000968,0.004048,0.999991,-0.001679,-0.003809,-1.751510
1622413048.708000,116.160955,1157.056328,342.566855,-0.179723,0.983710,-0.003829,-0.983717,-0.179718,0.001660,0.000945,0.004065,0.999991,-0.001660,-0.003829,-1.751503
1622413048.718000,116.157671,1157.056309,342.571464,-0.179729,0.983709,-0.003813,-0.983716,-0.179724,0.001683,0.000971,0.004053,0.999991,-0.001683,-0.003813,-1.751509
1622413048.729000,116.157553,1157.058629,342.573684,-0.179735,0.983708,-0.003869,-0.983715,-0.179730,0.001616,0.000894,0.004096,0.999991,-0.001616,-0.003869,-1.751514
1622413048.738000,116.159859,1157.056473,342.572015,-0.179734,0.983708,-0.003813,-0.983715,-0.179728,0.001666,0.000954,0.004050,0.999991,-0.001666,-0.003813,-1.751513
1622413048.748000,116.159488,1157.053735,342.573150,-0.179722,0.983710,-0.003831,-0.983717,-0.179717,0.001680,0.000964,0.004071,0.999991,-0.001680,-0.003831,-1.751502
1622413048.759000,116.159131,1157.054842,342.567995,-0.179731,0.983708,-0.003816,-0.983715,-0.179726,0.001672,0.000959,0.004054,0.999991,-0.001672,-0.003816,-1.751511
1622413048.768000,116.158391,1157.053964,342.569513,-0.179723,0.983710,-0.003800,-0.983717,-0.179718,0.001676,0.000965,0.004039,0.999991,-0.001676,-0.003800,-1.751503
1622413048.783000,116.160802,1157.055423,342.567735,-0.179727,0.983709,-0.003804,-0.983716,-0.179722,0.001660,0.000949,0.004041,0.999991,-0.001660,-0.003804,-1.751506
1622413048.788000,116.159577,1157.054857,342.573104,-0.179734,0.983708,-0.003821,-0.983715,-0.179728,0.001700,0.000986,0.004065,0.999991,-0.001700,-0.003821,-1.751514
1622413048.798000,116.157023,1157.054824,342.577996,-0.179732,0.983708,-0.003815,-0.983715,-0.179727,0.001719,0.001005,0.004062,0.999991,-0.001719,-0.003815,-1.751512
1622413048.809000,116.156366,1157.055717,342.573987,-0.179729,0.983709,-0.003816,-0.983716,-0.179724,0.001707,0.000994,0.004060,0.999991,-0.001707,-0.003816,-1.751509
1622413048.818000,116.314781,1157.107976,342.261186,-0.179942,0.983664,-0.005018,-0.983677,-0.179937,0.001457,0.000531,0.005199,0.999986,-0.001457,-0.005018,-1.751726
1622413048.827000,116.318044,1157.108410,342.252070,-0.179942,0.983665,-0.004985,-0.983677,-0.179936,0.001628,0.000705,0.005197,0.999986,-0.001628,-0.004985,-1.751727
1622413048.838000,116.073999,1157.085269,342.810424,-0.179677,0.983717,-0.004173,-0.983725,-0.179672,0.001618,0.000842,0.004396,0.999990,-0.001618,-0.004173,-1.751456
1622413048.848000,116.159208,1157.054616,342.571338,-0.179726,0.983709,-0.003820,-0.983716,-0.179721,0.001678,0.000964,0.004059,0.999991,-0.001678,-0.003820,-1.751506
1622413048.858000,116.132961,1156.462280,342.272360,-0.180050,0.983651,-0.003627,-0.983657,-0.180044,0.001719,0.001038,0.003877,0.999992,-0.001719,-0.003627,-1.751834
1622413048.868000,116.161159,1157.054700,342.576816,-0.179727,0.983709,-0.003801,-0.983716,-0.179721,0.001683,0.000972,0.004042,0.999991,-0.001683,-0.003801,-1.751506
1622413048.878000,116.154754,1157.057681,342.569506,-0.179739,0.983707,-0.003823,-0.983714,-0.179734,0.001647,0.000933,0.004057,0.999991,-0.001647,-0.003823,-1.751519
1622413048.888000,116.156388,1157.056941,342.571123,-0.179724,0.983710,-0.003793,-0.983717,-0.179719,0.001687,0.000977,0.004035,0.999991,-0.001687,-0.003793,-1.751504
1622413048.898000,116.156695,1157.056229,342.564389,-0.179734,0.983708,-0.003837,-0.983715,-0.179729,0.001652,0.000935,0.004072,0.999991,-0.001652,-0.003837,-1.751514
1622413048.913000,116.156602,1157.053358,342.572269,-0.179735,0.983708,-0.003799,-0.983715,-0.179730,0.001709,0.000998,0.004045,0.999991,-0.001709,-0.003799,-1.751515
1622413048.919000,116.157701,1157.053261,342.575713,-0.179734,0.983708,-0.003810,-0.983715,-0.179728,0.001702,0.000989,0.004054,0.999991,-0.001702,-0.003810,-1.751513
1622413048.929000,116.155551,1157.053879,342.568878,-0.179727,0.983709,-0.003836,-0.983716,-0.179722,0.001643,0.000927,0.004069,0.999991,-0.001643,-0.003836,-1.751507
1622413048.938000,116.159245,1157.055241,342.569519,-0.179730,0.983709,-0.003829,-0.983716,-0.179725,0.001693,0.000977,0.004071,0.999991,-0.001693,-0.003829,-1.751510
1622413048.948000,116.159141,1157.056132,342.570608,-0.179730,0.983709,-0.003803,-0.983715,-0.179725,0.001683,0.000972,0.004043,0.999991,-0.001683,-0.003803,-1.751510
1622413048.958000,116.115038,1156.436382,342.242929,-0.180082,0.983644,-0.003763,-0.983651,-0.180078,0.001407,0.000707,0.003955,0.999992,-0.001407,-0.003763,-1.751868
1622413048.968000,116.158109,1157.052205,342.569281,-0.179734,0.983708,-0.003838,-0.983715,-0.179729,0.001661,0.000944,0.004074,0.999991,-0.001661,-0.003838,-1.751514
1622413048.978000,116.157455,1157.055126,342.574947,-0.179733,0.983708,-0.003812,-0.983715,-0.179728,0.001691,0.000978,0.004054,0.999991,-0.001691,-0.003812,-1.751513
1622413048.988000,116.157458,1157.055316,342.573696,-0.179724,0.983710,-0.003844,-0.983717,-0.179719,0.001615,0.000898,0.004072,0.999991,-0.001615,-0.003844,-1.751503
1622413048.998000,116.317153,1157.108042,342.256788,-0.179949,0.983664,-0.004954,-0.983676,-0.179943,0.001666,0.000747,0.005173,0.999986,-0.001666,-0.004954,-1.751733
1622413049.008000,116.160420,1157.050387,342.577773,-0.179723,0.983710,-0.003805,-0.983717,-0.179718,0.001698,0.000986,0.004048,0.999991,-0.001698,-0.003805,-1.751503
1622413049.023000,116.485256,1156.803925,342.998963,-0.179943,0.983667,-0.004360,-0.983677,-0.179945,-0.000101,-0.000884,0.004271,0.999990,0.000101,-0.004360,-1.751726
1622413049.029000,116.154003,1157.057743,342.577445,-0.179736,0.983708,-0.003776,-0.983714,-0.179731,0.001744,0.001037,0.004028,0.999991,-0.001744,-0.003776,-1.751516
1622413049.038000,116.159271,1157.051838,342.579647,-0.179742,0.983706,-0.003819,-0.983713,-0.179737,0.001727,0.001012,0.004067,0.999991,-0.001727,-0.003819,-1.751522
1622413049.048000,116.157197,1157.052945,342.571940,-0.179735,0.983708,-0.003819,-0.983715,-0.179729,0.001689,0.000975,0.004060,0.999991,-0.001689,-0.003819,-1.751514
1622413049.063000,116.159853,1157.053662,342.568247,-0.179729,0.983709,-0.003832,-0.983716,-0.179724,0.001673,0.000957,0.004070,0.999991,-0.001673,-0.003832,-1.751508
1622413049.068000,116.158263,1157.053222,342.575398,-0.179732,0.983708,-0.003814,-0.983715,-0.179727,0.001706,0.000993,0.004059,0.999991,-0.001706,-0.003814,-1.751512
1622413049.079000,116.157899,1157.054466,342.571925,-0.179729,0.983709,-0.003812,-0.983716,-0.179724,0.001704,0.000991,0.004056,0.999991,-0.001704,-0.003812,-1.751509
1622413049.089000,116.155924,1157.055319,342.569223,-0.179719,0.983710,-0.003823,-0.983717,-0.179714,0.001654,0.000940,0.004058,0.999991,-0.001654,-0.003823,-1.751499
1622413049.098000,116.158027,1157.053179,342.573147,-0.179721,0.983710,-0.003833,-0.983717,-0.179716,0.001670,0.000954,0.004071,0.999991,-0.001670,-0.003833,-1.751501
1622413049.108000,116.159484,1157.053824,342.575949,-0.179724,0.983710,-0.003827,-0.983717,-0.179719,0.001670,0.000955,0.004065,0.999991,-0.001670,-0.003827,-1.751504
1622413049.118000,116.156045,1157.054610,342.575912,-0.179725,0.983710,-0.003793,-0.983716,-0.179720,0.001693,0.000984,0.004036,0.999991,-0.001693,-0.003793,-1.751505
1622413049.129000,116.159116,1157.051848,342.571907,-0.179726,0.983709,-0.003834,-0.983716,-0.179720,0.001664,0.000948,0.004071,0.999991,-0.001664,-0.003834,-1.751505
1622413049.138000,116.158439,1157.054846,342.572151,-0.179741,0.983707,-0.003831,-0.983714,-0.179736,0.001687,0.000971,0.004072,0.999991,-0.001687,-0.003831,-1.751521
1622413049.147000,116.155615,1157.055908,342.574577,-0.179725,0.983709,-0.003807,-0.983716,-0.179720,0.001710,0.000998,0.004052,0.999991,-0.001710,-0.003807,-1.751505
1622413049.158000,116.156610,1157.054648,342.568103,-0.179727,0.983709,-0.003832,-0.983716,-0.179722,0.001635,0.000920,0.004063,0.999991,-0.001635,-0.003832,-1.751507
1622413049.168000,116.159509,1157.053507,342.573703,-0.179718,0.983711,-0.003804,-0.983718,-0.179712,0.001720,0.001008,0.004051,0.999991,-0.001720,-0.003804,-1.751497
1622413049.179000,116.159557,1157.052213,342.574116,-0.179741,0.983707,-0.003826,-0.983713,-0.179735,0.001709,0.000993,0.004070,0.999991,-0.001709,-0.003826,-1.751521
1622413049.188000,116.156351,1157.050641,342.576032,-0.179740,0.983707,-0.003811,-0.983714,-0.179735,0.001706,0.000993,0.004055,0.999991,-0.001706,-0.003811,-1.751520
1622413049.198000,116.159997,1157.056323,342.568839,-0.179727,0.983709,-0.003830,-0.983716,-0.179722,0.001629,0.000915,0.004060,0.999991,-0.001629,-0.003830,-1.751506
1622413049.213000,116.160234,1157.054878,342.576199,-0.179724,0.983710,-0.003800,-0.983717,-0.179718,0.001724,0.001013,0.004048,0.999991,-0.001724,-0.003800,-1.751503
1622413049.218000,116.156642,1157.054663,342.570892,-0.179736,0.983707,-0.003811,-0.983714,-0.179731,0.001698,0.000985,0.004054,0.999991,-0.001698,-0.003811,-1.751516
1622413049.228000,116.157527,1157.051408,342.573676,-0.179727,0.983709,-0.003800,-0.983716,-0.179721,0.001726,0.001015,0.004048,0.999991,-0.001726,-0.003800,-1.751506
1622413049.238000,116.157845,1157.054937,342.566597,-0.179724,0.983710,-0.003826,-0.983717,-0.179719,0.001703,0.000988,0.004070,0.999991,-0.001703,-0.003826,-1.751504
1622413049.248000,116.157465,1157.053680,342.574906,-0.179737,0.983707,-0.003832,-0.983714,-0.179732,0.001709,0.000993,0.004077,0.999991,-0.001709,-0.003832,-1.751517
1622413049.258000,116.156747,1157.053534,342.564877,-0.179728,0.983709,-0.003811,-0.983716,-0.179722,0.001688,0.000976,0.004053,0.999991,-0.001688,-0.003811,-1.751507
1622413049.268000,116.157606,1157.055483,342.572175,-0.179732,0.983708,-0.003820,-0.983715,-0.179727,0.001659,0.000946,0.004056,0.999991,-0.001659,-0.003820,-1.751511
1622413049.283000,116.156586,1157.051411,342.568931,-0.179718,0.983711,-0.003841,-0.983718,-0.179713,0.001666,0.000949,0.004078,0.999991,-0.001666,-0.003841,-1.751497
1622413049.289000,116.153130,1157.054383,342.578271,-0.179725,0.983710,-0.003824,-0.983716,-0.179719,0.001665,0.000951,0.004061,0.999991,-0.001665,-0.003824,-1.751504
1622413049.303000,116.158592,1157.054852,342.575311,-0.179715,0.983711,-0.003800,-0.983718,-0.179710,0.001647,0.000937,0.004035,0.999991,-0.001647,-0.003800,-1.751494
1622413049.308000,116.156822,1157.055332,342.573466,-0.179726,0.983709,-0.003842,-0.983716,-0.179720,0.001668,0.000950,0.004079,0.999991,-0.001668,-0.003842,-1.751505
1622413049.318000,116.159799,1157.051534,342.577258,-0.179727,0.983709,-0.003788,-0.983716,-0.179722,0.001732,0.001023,0.004038,0.999991,-0.001732,-0.003788,-1.751507
1622413049.328000,116.158333,1157.054170,342.577998,-0.179730,0.983708,-0.003831,-0.983715,-0.179725,0.001635,0.000920,0.004062,0.999991,-0.001635,-0.003831,-1.751510
1622413049.338000,116.155510,1157.055970,342.574494,-0.179727,0.983709,-0.003811,-0.983716,-0.179722,0.001674,0.000961,0.004050,0.999991,-0.001674,-0.003811,-1.751507
1622413049.353000,116.157259,1157.054891,342.574315,-0.179721,0.983710,-0.003824,-0.983717,-0.179716,0.001683,0.000968,0.004064,0.999991,-0.001683,-0.003824,-1.751501
1622413049.358000,116.156601,1157.054083,342.572903,-0.179731,0.983708,-0.003819,-0.983715,-0.179725,0.001703,0.000989,0.004063,0.999991,-0.001703,-0.003819,-1.751510
1622413049.368000,116.158771,1157.054417,342.571311,-0.179724,0.983710,-0.003793,-0.983717,-0.179719,0.001700,0.000991,0.004037,0.999991,-0.001700,-0.003793,-1.751504
1622413049.378000,116.157545,1157.051995,342.573041,-0.179734,0.983708,-0.003836,-0.983715,-0.179729,0.001661,0.000945,0.004073,0.999991,-0.001661,-0.003836,-1.751514
1622413049.388000,116.154182,1157.052395,342.573602,-0.179740,0.983707,-0.003787,-0.983714,-0.179734,0.001747,0.001038,0.004039,0.999991,-0.001747,-0.003787,-1.751520
1622413049.398000,116.157477,1157.054586,342.576728,-0.179716,0.983711,-0.003793,-0.983718,-0.179710,0.001707,0.000997,0.004038,0.999991,-0.001707,-0.003793,-1.751495
1622413049.408000,116.155893,1157.054402,342.569581,-0.179728,0.983709,-0.003787,-0.983716,-0.179723,0.001705,0.000996,0.004032,0.999991,-0.001705,-0.003787,-1.751508
1622413049.418000,116.156178,1157.054253,342.574855,-0.179729,0.983709,-0.003821,-0.983716,-0.179724,0.001676,0.000962,0.004060,0.999991,-0.001676,-0.003821,-1.751509
1622413049.428000,116.156950,1157.054506,342.575648,-0.179722,0.983710,-0.003837,-0.983717,-0.179716,0.001657,0.000940,0.004072,0.999991,-0.001657,-0.003837,-1.751501
1622413049.438000,116.157083,1157.055101,342.574305,-0.179737,0.983707,-0.003812,-0.983714,-0.179732,0.001689,0.000977,0.004054,0.999991,-0.001689,-0.003812,-1.751517
1622413049.448000,116.156784,1157.052837,342.577801,-0.179728,0.983709,-0.003770,-0.983716,-0.179723,0.001743,0.001037,0.004022,0.999991,-0.001743,-0.003770,-1.751508
1622413049.458000,116.157247,1157.054468,342.578260,-0.179735,0.983708,-0.003820,-0.983714,-0.179730,0.001690,0.000976,0.004062,0.999991,-0.001690,-0.003820,-1.751515
1622413049.468000,116.156706,1157.055465,342.578784,-0.179735,0.983708,-0.003815,-0.983715,-0.179730,0.001677,0.000964,0.004054,0.999991,-0.001677,-0.003815,-1.751515
1622413049.478000,116.158695,1157.053446,342.570758,-0.179718,0.983711,-0.003836,-0.983718,-0.179713,0.001604,0.000888,0.004062,0.999991,-0.001604,-0.003836,-1.751498
1622413049.488000,116.154572,1157.053363,342.571549,-0.179722,0.983710,-0.003810,-0.983717,-0.179716,0.001717,0.001005,0.004056,0.999991,-0.001717,-0.003810,-1.751501
1622413049.503000,116.155223,1157.051892,342.578779,-0.179729,0.983709,-0.003809,-0.983716,-0.179724,0.001721,0.001009,0.004057,0.999991,-0.001721,-0.003809,-1.751509
1622413049.508000,116.158461,1157.053935,342.575064,-0.179731,0.983708,-0.003807,-0.983715,-0.179725,0.001704,0.000992,0.004051,0.999991,-0.001704,-0.003807,-1.751510
1622413049.518000,116.158124,1157.056478,342.570227,-0.179726,0.983709,-0.003839,-0.983716,-0.179721,0.001652,0.000935,0.004073,0.999991,-0.001652,-0.003839,-1.751506
