1622414056.837000,30.704414,1215.771088,332.503695,-0.188629,0.981944,0.014298,-0.971234,-0.188687,0.145264,0.145339,0.013514,0.989290,-0.145795,0.014298,-1.760582
1622414056.864000,34.563812,1219.853099,333.843297,-0.183588,0.982580,0.028854,-0.971788,-0.185837,0.145233,0.148065,-0.001376,0.988977,-0.145810,0.028858,-1.755510
1622414056.908000,35.559963,1220.438896,333.882191,-0.182100,0.982796,0.030847,-0.972280,-0.184654,0.143437,0.146665,-0.003872,0.989179,-0.144002,0.030852,-1.754007
1622414056.916000,36.663274,1221.349393,334.288896,-0.180033,0.983072,0.034035,-0.972637,-0.183075,0.143040,0.146849,-0.007352,0.989132,-0.143616,0.034042,-1.751923
1622414056.925000,36.722674,1221.431957,334.762377,-0.179572,0.983112,0.035277,-0.972690,-0.182800,0.143033,0.147066,-0.008629,0.989089,-0.143615,0.035284,-1.751461
1622414056.933000,37.017126,1221.604084,334.862444,-0.179005,0.983181,0.036232,-0.972787,-0.182379,0.142912,0.147116,-0.009664,0.989072,-0.143497,0.036240,-1.750890
1622414056.941000,37.323638,1221.786468,334.966633,-0.178345,0.983263,0.037234,-0.972874,-0.181874,0.142958,0.147337,-0.010728,0.989028,-0.143550,0.037243,-1.750226
1622414056.952000,37.626074,1221.975084,335.043230,-0.177844,0.983323,0.038040,-0.972950,-0.181497,0.142923,0.147444,-0.011593,0.989002,-0.143519,0.038049,-1.749723
1622414056.960000,38.091273,1222.253376,334.813040,-0.177407,0.983385,0.038478,-0.973071,-0.181125,0.142574,0.147175,-0.012148,0.989036,-0.143168,0.038487,-1.749281
1622414056.971000,38.478742,1222.426504,335.050564,-0.177412,0.983377,0.038670,-0.973328,-0.181136,0.140790,0.145454,-0.012661,0.989284,-0.141366,0.038680,-1.749287
1622414056.981000,38.700226,1222.810445,334.895072,-0.177157,0.983393,0.039426,-0.973088,-0.181017,0.142591,0.147360,-0.013104,0.988996,-0.143191,0.039436,-1.749033
1622414056.990000,38.807483,1223.023862,335.284566,-0.176994,0.983393,0.040133,-0.973226,-0.180949,0.141732,0.146640,-0.013972,0.989091,-0.142326,0.040143,-1.748873
1622414057.001000,39.426728,1223.439965,334.747501,-0.177106,0.983343,0.040873,-0.973108,-0.181176,0.142251,0.147287,-0.014580,0.988986,-0.142856,0.040884,-1.748992
1622414057.010000,39.360887,1223.507595,335.413255,-0.176884,0.983351,0.041630,-0.973186,-0.181061,0.141863,0.147039,-0.015421,0.989011,-0.142467,0.041642,-1.748772
1622414057.021000,39.970250,1223.836380,334.823637,-0.176856,0.983314,0.042618,-0.972825,-0.181216,0.144125,0.149443,-0.015971,0.988641,-0.144761,0.042631,-1.748751
1622414057.030000,39.954200,1223.979239,335.518808,-0.176656,0.983382,0.041870,-0.973256,-0.180867,0.141633,0.146852,-0.015730,0.989033,-0.142236,0.041883,-1.748542
1622414057.040000,40.076054,1224.152491,335.389807,-0.176724,0.983367,0.041919,-0.973431,-0.180921,0.140356,0.145606,-0.016001,0.989213,-0.140946,0.041931,-1.748611
1622414057.051000,40.589922,1224.501021,335.389967,-0.176510,0.983394,0.042204,-0.973201,-0.180780,0.142119,0.147388,-0.015988,0.988949,-0.142730,0.042217,-1.748396
1622414057.060000,41.036951,1224.839049,335.079932,-0.176231,0.983470,0.041597,-0.973496,-0.180390,0.140588,0.145768,-0.015719,0.989194,-0.141178,0.041609,-1.748107
1622414057.070000,41.113680,1225.044476,335.440703,-0.176334,0.983434,0.042010,-0.973531,-0.180545,0.140144,0.145408,-0.016186,0.989239,-0.140732,0.042023,-1.748215
1622414057.081000,41.425493,1225.374848,335.404311,-0.176280,0.983433,0.042254,-0.973538,-0.180526,0.140121,0.145428,-0.016435,0.989232,-0.140710,0.042266,-1.748162
1622414057.090000,41.692579,1225.734735,335.383582,-0.176959,0.983300,0.042513,-0.973421,-0.181235,0.140022,0.145389,-0.016605,0.989235,-0.140612,0.042526,-1.748855
1622414057.101000,42.050024,1226.213785,335.221438,-0.177443,0.983191,0.043011,-0.973137,-0.181808,0.141247,0.146693,-0.016792,0.989040,-0.141853,0.043024,-1.749351
1622414057.110000,42.499050,1226.762586,334.956044,-0.177932,0.983117,0.042670,-0.973327,-0.182210,0.139408,0.144829,-0.016727,0.989315,-0.139992,0.042683,-1.749845
1622414057.120000,42.580093,1227.012413,335.332968,-0.178946,0.982967,0.041891,-0.972967,-0.183123,0.140717,0.145991,-0.015578,0.989163,-0.141310,0.041903,-1.750872
1622414057.131000,42.913746,1227.490090,335.263650,-0.178400,0.983013,0.043111,-0.973324,-0.182727,0.138748,0.144268,-0.017208,0.989389,-0.139327,0.043124,-1.750326
1622414057.140000,43.401759,1227.967888,334.916385,-0.179100,0.982893,0.042937,-0.973260,-0.183387,0.138329,0.143836,-0.017014,0.989455,-0.138902,0.042950,-1.751036
1622414057.150000,43.686874,1228.338818,334.927597,-0.179181,0.982848,0.043635,-0.973193,-0.183572,0.138555,0.144188,-0.017639,0.989393,-0.139135,0.043649,-1.751124
1622414057.160000,43.814944,1228.709436,335.197415,-0.179965,0.982695,0.043853,-0.973120,-0.184370,0.138008,0.143705,-0.017837,0.989460,-0.138584,0.043867,-1.751923
1622414057.175000,44.466015,1229.289930,334.501019,-0.180396,0.982621,0.043736,-0.973104,-0.184773,0.137580,0.143270,-0.017741,0.989525,-0.138151,0.043750,-1.752362
1622414057.182000,44.378244,1229.528321,335.116631,-0.180880,0.982517,0.044084,-0.973040,-0.185297,0.137323,0.143091,-0.018057,0.989545,-0.137894,0.044098,-1.752857
1622414057.190000,44.698815,1229.954773,335.075156,-0.181157,0.982454,0.044348,-0.973044,-0.185601,0.136883,0.142712,-0.018355,0.989594,-0.137450,0.044362,-1.753141
1622414057.200000,45.006145,1230.357146,335.038684,-0.181639,0.982352,0.044637,-0.972967,-0.186116,0.136735,0.142629,-0.018594,0.989602,-0.137302,0.044652,-1.753633
1622414057.210000,45.303626,1230.758706,335.010813,-0.182011,0.982272,0.044883,-0.972885,-0.186521,0.136768,0.142715,-0.018773,0.989586,-0.137338,0.044898,-1.754014
1622414057.225000,45.581388,1231.143733,335.005588,-0.182601,0.982158,0.044976,-0.972825,-0.187112,0.136382,0.142364,-0.018850,0.989635,-0.136947,0.044991,-1.754616
1622414057.231000,46.060943,1231.603106,334.666873,-0.183009,0.982085,0.044918,-0.972826,-0.187497,0.135845,0.141833,-0.018836,0.989711,-0.136405,0.044933,-1.755030
1622414057.240000,46.376899,1232.012115,334.691718,-0.183431,0.981975,0.045592,-0.972840,-0.187995,0.135058,0.141194,-0.019580,0.989788,-0.135614,0.045608,-1.755466
1622414057.250000,46.536411,1232.393778,335.040369,-0.183935,0.981821,0.046862,-0.972686,-0.188678,0.135217,0.141600,-0.020711,0.989707,-0.135782,0.046879,-1.755991
1622414057.260000,46.851891,1232.880215,335.148116,-0.184758,0.981600,0.048239,-0.972544,-0.189679,0.134833,0.141502,-0.022003,0.989693,-0.135403,0.048257,-1.756841
1622414057.270000,47.135771,1233.297155,335.225418,-0.185341,0.981442,0.049201,-0.972449,-0.190387,0.134521,0.141392,-0.022913,0.989689,-0.135095,0.049221,-1.757444
1622414057.281000,47.383146,1233.502677,335.337949,-0.185049,0.981486,0.049408,-0.972521,-0.190123,0.134374,0.141280,-0.023185,0.989698,-0.134948,0.049429,-1.757149
1622414057.291000,47.692337,1233.596210,335.394455,-0.184625,0.981510,0.050524,-0.972605,-0.189855,0.134144,0.141256,-0.024374,0.989673,-0.134723,0.050545,-1.756727
1622414057.300000,47.991489,1233.671937,335.500986,-0.184706,0.981447,0.051440,-0.972597,-0.190059,0.133911,0.141203,-0.025296,0.989657,-0.134494,0.051463,-1.756818
1622414057.310000,48.333832,1233.835899,335.609299,-0.184595,0.981424,0.052263,-0.972651,-0.190055,0.133529,0.140981,-0.026185,0.989666,-0.134113,0.052287,-1.756713
1622414057.320000,48.674351,1234.049944,335.733570,-0.184223,0.981447,0.053147,-0.972707,-0.189810,0.133469,0.141080,-0.027108,0.989627,-0.134059,0.053172,-1.756343
1622414057.330000,49.007364,1234.270528,335.880135,-0.183788,0.981479,0.054051,-0.972796,-0.189501,0.133254,0.141029,-0.028090,0.989607,-0.133849,0.054077,-1.755909
1622414057.340000,49.377290,1234.459140,336.027130,-0.182951,0.981577,0.055103,-0.972950,-0.188815,0.133109,0.141060,-0.029260,0.989568,-0.133709,0.055131,-1.755067
1622414057.351000,50.111996,1234.752668,335.508165,-0.182687,0.981570,0.056089,-0.973007,-0.188686,0.132875,0.141009,-0.030301,0.989545,-0.133480,0.056119,-1.754808
1622414057.361000,50.113001,1234.716530,336.229199,-0.182124,0.981619,0.057052,-0.973142,-0.188252,0.132497,0.140802,-0.031389,0.989540,-0.133106,0.057083,-1.754244
1622414057.371000,50.731443,1234.992757,335.926891,-0.181686,0.981659,0.057765,-0.973261,-0.187906,0.132115,0.140546,-0.032217,0.989550,-0.132725,0.057797,-1.753806
1622414057.380000,50.918382,1235.081073,336.432506,-0.180882,0.981734,0.058986,-0.973434,-0.187269,0.131744,0.140384,-0.033589,0.989527,-0.132360,0.059021,-1.753001
1622414057.390000,51.321128,1235.265093,336.564926,-0.180290,0.981784,0.059958,-0.973604,-0.186798,0.131155,0.139966,-0.034730,0.989547,-0.131772,0.059994,-1.752408
1622414057.401000,51.918384,1235.493196,336.373126,-0.179639,0.981837,0.061039,-0.973714,-0.186300,0.131047,0.140039,-0.035894,0.989495,-0.131672,0.061077,-1.751757
1622414057.410000,52.352224,1235.667562,336.478588,-0.178906,0.981909,0.062025,-0.973886,-0.185696,0.130625,0.139780,-0.037036,0.989490,-0.131254,0.062065,-1.751022
1622414057.421000,52.546153,1235.731465,336.962596,-0.178267,0.981944,0.063301,-0.973953,-0.185246,0.130763,0.140128,-0.038342,0.989391,-0.131403,0.063344,-1.750385
1622414057.430000,53.105266,1235.942250,336.762167,-0.177643,0.982007,0.064076,-0.974071,-0.184730,0.130615,0.140101,-0.039212,0.989360,-0.131260,0.064120,-1.749759
1622414057.445000,53.279285,1235.987844,337.186624,-0.177455,0.982010,0.064544,-0.974217,-0.184574,0.129742,0.139321,-0.039857,0.989445,-0.130382,0.064589,-1.749573
1622414057.452000,53.607722,1236.093976,337.267811,-0.176850,0.982060,0.065440,-0.974239,-0.184120,0.130225,0.139938,-0.040724,0.989323,-0.130878,0.065487,-1.748968
1622414057.460000,53.957051,1236.194298,337.458832,-0.176766,0.982069,0.065535,-0.974290,-0.184038,0.129960,0.139690,-0.040878,0.989351,-0.130611,0.065582,-1.748883
1622414057.470000,54.339103,1236.317469,337.612027,-0.176187,0.982148,0.065902,-0.974383,-0.183517,0.129994,0.139768,-0.041310,0.989322,-0.130649,0.065949,-1.748298
1622414057.481000,54.845512,1236.530434,337.638449,-0.174523,0.982337,0.067501,-0.974677,-0.182082,0.129813,0.139810,-0.043137,0.989238,-0.130479,0.067553,-1.746623
1622414057.490000,55.290240,1236.676767,337.781936,-0.173619,0.982428,0.068496,-0.974831,-0.181321,0.129718,0.139859,-0.044251,0.989182,-0.130393,0.068550,-1.745715
1622414057.501000,55.700579,1236.821884,337.929493,-0.172913,0.982508,0.069128,-0.974893,-0.180726,0.130083,0.140300,-0.044899,0.989090,-0.130767,0.069183,-1.745004
1622414057.511000,55.781360,1236.859303,337.927008,-0.171420,0.982700,0.070114,-0.975015,-0.179424,0.130967,0.141281,-0.045912,0.988904,-0.131670,0.070172,-1.743497
1622414057.520000,56.656123,1237.103148,338.175261,-0.170953,0.982711,0.071095,-0.975224,-0.179050,0.129920,0.140403,-0.047123,0.988972,-0.130621,0.071155,-1.743033
1622414057.531000,57.269179,1237.313816,337.987401,-0.169997,0.982793,0.072242,-0.975346,-0.178271,0.130076,0.140717,-0.048348,0.988869,-0.130790,0.072305,-1.742075
1622414057.540000,57.624923,1237.410063,338.078615,-0.169370,0.982826,0.073259,-0.975477,-0.177776,0.129771,0.140566,-0.049483,0.988834,-0.130491,0.073324,-1.741450
1622414057.550000,57.743109,1237.391828,338.430945,-0.169296,0.982805,0.073711,-0.975600,-0.177724,0.128917,0.139801,-0.050088,0.988912,-0.129632,0.073778,-1.741380
1622414057.560000,58.368516,1237.626108,337.961884,-0.168719,0.982848,0.074458,-0.975692,-0.177253,0.128867,0.139854,-0.050906,0.988863,-0.129588,0.074527,-1.740802
1622414057.570000,58.399203,1237.619638,338.596377,-0.168298,0.982899,0.074730,-0.975852,-0.176840,0.128223,0.139246,-0.051346,0.988926,-0.128939,0.074800,-1.740378
1622414057.580000,58.745097,1237.768952,338.777441,-0.167507,0.983042,0.074627,-0.976060,-0.176017,0.127770,0.138739,-0.051438,0.988992,-0.128480,0.074696,-1.739572
1622414057.590000,59.456596,1237.934571,338.233303,-0.167410,0.982938,0.076201,-0.976022,-0.176146,0.127882,0.139123,-0.052965,0.988858,-0.128609,0.076275,-1.739494
1622414057.600000,59.543450,1237.880557,338.934658,-0.166586,0.982995,0.077264,-0.976317,-0.175408,0.126639,0.138038,-0.054338,0.988935,-0.127363,0.077341,-1.738669
1622414057.610000,59.959888,1237.984613,339.060079,-0.166092,0.983008,0.078159,-0.976444,-0.175017,0.126197,0.137732,-0.055358,0.988921,-0.126925,0.078239,-1.738179
1622414057.620000,60.295247,1238.059505,339.151411,-0.165680,0.983016,0.078929,-0.976544,-0.174695,0.125870,0.137521,-0.056223,0.988902,-0.126602,0.079011,-1.737769
1622414057.631000,60.561118,1238.159458,339.335560,-0.165240,0.983137,0.078339,-0.976676,-0.174161,0.125589,0.137114,-0.055760,0.988985,-0.126311,0.078419,-1.737314
1622414057.641000,60.966324,1238.246534,339.365367,-0.164608,0.983142,0.079598,-0.976783,-0.173696,0.125402,0.137114,-0.057108,0.988908,-0.126135,0.079682,-1.736688
1622414057.650000,61.634258,1238.340635,338.877443,-0.163462,0.983192,0.081328,-0.977047,-0.172751,0.124648,0.136603,-0.059086,0.988862,-0.125391,0.081418,-1.735546
1622414057.660000,62.018992,1238.481486,339.069593,-0.162907,0.983183,0.082538,-0.977102,-0.172371,0.124742,0.136871,-0.060327,0.988750,-0.125498,0.082632,-1.734997
1622414057.670000,62.179951,1238.599686,339.564934,-0.163139,0.983161,0.082345,-0.977186,-0.172522,0.123873,0.135993,-0.060258,0.988876,-0.124617,0.082439,-1.735231
1622414057.681000,62.526168,1238.745614,339.584552,-0.163045,0.983145,0.082713,-0.977280,-0.172440,0.123243,0.135428,-0.060740,0.988924,-0.123984,0.082808,-1.735140
1622414057.690000,62.857980,1238.379888,340.182257,-0.162958,0.983105,0.083367,-0.977514,-0.172336,0.121521,0.133835,-0.061690,0.989082,-0.122249,0.083464,-1.735061
1622414057.700000,63.169756,1239.106639,339.607215,-0.163221,0.983067,0.083293,-0.977354,-0.172640,0.122367,0.134675,-0.061434,0.988984,-0.123105,0.083390,-1.735327
1622414057.710000,63.737686,1239.427080,339.254108,-0.163116,0.983074,0.083418,-0.977376,-0.172551,0.122325,0.134648,-0.061578,0.988978,-0.123063,0.083515,-1.735223
1622414057.720000,64.062514,1239.615006,339.374129,-0.163015,0.983037,0.084047,-0.977474,-0.172491,0.121624,0.134059,-0.062327,0.989011,-0.122361,0.084146,-1.735129
1622414057.731000,64.205131,1239.590591,339.769567,-0.162684,0.983041,0.084639,-0.977601,-0.172203,0.121010,0.133532,-0.063057,0.989036,-0.121746,0.084741,-1.734801
1622414057.740000,64.596586,1239.721805,339.821715,-0.162510,0.983018,0.085235,-0.977682,-0.172079,0.120527,0.133148,-0.063746,0.989044,-0.121264,0.085339,-1.734632
1622414057.751000,65.003336,1239.891418,339.815480,-0.162245,0.982986,0.086115,-0.977803,-0.171886,0.119819,0.132583,-0.064764,0.989054,-0.120558,0.086222,-1.734374
1622414057.760000,65.284196,1240.073542,339.937696,-0.162672,0.982971,0.085468,-0.977843,-0.172176,0.119069,0.131758,-0.064205,0.989200,-0.119793,0.085573,-1.734800
1622414057.771000,65.640289,1240.306791,339.877576,-0.162547,0.982913,0.086374,-0.977906,-0.172141,0.118602,0.131444,-0.065188,0.989178,-0.119330,0.086482,-1.734686
1622414057.780000,65.991764,1240.496849,339.916148,-0.162345,0.982895,0.086962,-0.977972,-0.171996,0.118272,0.131206,-0.065846,0.989166,-0.119002,0.087072,-1.734488
1622414057.790000,66.349358,1240.657334,339.906667,-0.162309,0.982884,0.087144,-0.978017,-0.171962,0.117950,0.130916,-0.066084,0.989189,-0.118678,0.087254,-1.734454
1622414057.805000,66.903174,1240.947871,339.596038,-0.162355,0.982841,0.087553,-0.978000,-0.172061,0.117942,0.130982,-0.066478,0.989153,-0.118675,0.087665,-1.734507
1622414057.810000,67.320272,1241.300105,339.534697,-0.162828,0.982820,0.086901,-0.978115,-0.172355,0.116555,0.129531,-0.066021,0.989375,-0.117267,0.087011,-1.734980
1622414057.822000,67.474973,1241.550367,339.820133,-0.162983,0.982740,0.087513,-0.978127,-0.172561,0.116149,0.129245,-0.066668,0.989369,-0.116862,0.087625,-1.735146
1622414057.830000,67.828822,1241.911358,339.760169,-0.163393,0.982671,0.087518,-0.978116,-0.172938,0.115680,0.128810,-0.066701,0.989423,-0.116388,0.087630,-1.735563
1622414057.845000,68.120082,1242.177885,339.839642,-0.164533,0.982598,0.086203,-0.977983,-0.173883,0.115387,0.128368,-0.065321,0.989573,-0.116079,0.086311,-1.736704
1622414057.852000,68.903105,1242.728733,338.968867,-0.163995,0.982608,0.087106,-0.978158,-0.173412,0.114606,0.127718,-0.066409,0.989585,-0.115299,0.087217,-1.736170
1622414057.860000,69.279995,1243.072062,338.919677,-0.164559,0.982486,0.087413,-0.977964,-0.174059,0.115282,0.128478,-0.066516,0.989479,-0.115984,0.087525,-1.736749
1622414057.870000,69.305031,1243.264699,339.472811,-0.164874,0.982425,0.087510,-0.978083,-0.174292,0.113914,0.127164,-0.066811,0.989629,-0.114603,0.087622,-1.737070
1622414057.885000,69.714179,1243.603061,339.270518,-0.165443,0.982325,0.087557,-0.977825,-0.174946,0.115119,0.128402,-0.066570,0.989485,-0.115822,0.087669,-1.737650
1622414057.891000,70.050491,1243.927613,339.202374,-0.165784,0.982262,0.087620,-0.977780,-0.175285,0.114985,0.128304,-0.066610,0.989495,-0.115687,0.087732,-1.737999
1622414057.901000,70.356685,1244.242750,339.118029,-0.166387,0.982157,0.087656,-0.977759,-0.175844,0.114305,0.127679,-0.066687,0.989571,-0.115000,0.087768,-1.738613
1622414057.911000,70.804722,1244.640962,338.811577,-0.167020,0.982102,0.087063,-0.978003,-0.176217,0.111616,0.124961,-0.066506,0.989930,-0.112278,0.087174,-1.739248
1622414057.920000,70.955294,1244.876517,339.069401,-0.167300,0.982035,0.087276,-0.978022,-0.176484,0.111023,0.124431,-0.066784,0.989978,-0.111680,0.087387,-1.739537
1622414057.931000,71.313688,1245.192166,339.022025,-0.167627,0.981992,0.087140,-0.978055,-0.176744,0.110316,0.123731,-0.066736,0.990069,-0.110964,0.087251,-1.739868
1622414057.941000,71.634470,1245.376192,339.057858,-0.167843,0.981905,0.087697,-0.978029,-0.177015,0.110111,0.123643,-0.067289,0.990043,-0.110764,0.087810,-1.740096
1622414057.950000,71.971569,1245.458149,339.118063,-0.167607,0.981895,0.088260,-0.978126,-0.176813,0.109571,0.123193,-0.067965,0.990053,-0.110224,0.088375,-1.739865
1622414057.961000,72.382398,1245.493267,339.091610,-0.167422,0.981867,0.088923,-0.978010,-0.176785,0.110647,0.124361,-0.068443,0.989874,-0.111317,0.089041,-1.739686
1622414057.975000,72.867615,1245.475174,339.199347,-0.167095,0.981863,0.089577,-0.978134,-0.176497,0.110008,0.123823,-0.069237,0.989886,-0.110678,0.089697,-1.739363
1622414057.981000,73.184744,1245.598374,339.389967,-0.166419,0.981916,0.090258,-0.978494,-0.175763,0.107965,0.121876,-0.070350,0.990049,-0.108621,0.090381,-1.738685
1622414057.990000,73.527867,1245.635394,339.596939,-0.166812,0.981873,0.090001,-0.978531,-0.176064,0.107136,0.121040,-0.070197,0.990162,-0.107781,0.090123,-1.739081
1622414057.999000,74.193844,1245.871225,339.058248,-0.165564,0.981929,0.091673,-0.978747,-0.175007,0.106898,0.121010,-0.072026,0.990035,-0.107558,0.091802,-1.737836
1622414058.010000,74.259460,1245.863426,339.656694,-0.165655,0.981867,0.092172,-0.978843,-0.175085,0.105884,0.120102,-0.072681,0.990097,-0.106538,0.092303,-1.737937
1622414058.020000,74.840377,1246.019797,339.415717,-0.165296,0.981883,0.092648,-0.978977,-0.174735,0.105224,0.119507,-0.073307,0.990123,-0.105876,0.092781,-1.737578
1622414058.030000,75.276713,1246.083794,339.481484,-0.164819,0.981877,0.093548,-0.979110,-0.174326,0.104657,0.119069,-0.074344,0.990099,-0.105313,0.093685,-1.737107
1622414058.041000,75.961694,1246.362568,338.908273,-0.163074,0.981906,0.096272,-0.979466,-0.172845,0.103787,0.118549,-0.077370,0.989929,-0.104461,0.096421,-1.735373
1622414058.051000,76.093194,1246.211241,339.647837,-0.164010,0.981894,0.094786,-0.979327,-0.173604,0.103828,0.118404,-0.075798,0.990068,-0.104488,0.094929,-1.736302
1622414058.061000,76.485065,1246.287431,339.798955,-0.163626,0.981927,0.095114,-0.979401,-0.173252,0.103716,0.118321,-0.076185,0.990049,-0.104378,0.095258,-1.735917
1622414058.070000,76.897199,1246.304345,339.877085,-0.163039,0.981944,0.095944,-0.979551,-0.172723,0.103181,0.117889,-0.077160,0.990024,-0.103846,0.096092,-1.735332
1622414058.081000,77.181280,1246.308746,340.258592,-0.162182,0.982000,0.096811,-0.979688,-0.171969,0.103143,0.117935,-0.078117,0.989944,-0.103816,0.096963,-1.734474
1622414058.090000,77.893714,1246.509854,340.020020,-0.161258,0.982082,0.097521,-0.979883,-0.171099,0.102735,0.117580,-0.078992,0.989917,-0.103411,0.097676,-1.733545
1622414058.100000,78.183545,1246.482962,340.546905,-0.160719,0.982122,0.098010,-0.980013,-0.170588,0.102348,0.117238,-0.079601,0.989909,-0.103026,0.098167,-1.733003
1622414058.110000,78.675529,1246.564893,340.593435,-0.159757,0.982154,0.099255,-0.980195,-0.169746,0.101998,0.117026,-0.080995,0.989821,-0.102685,0.099419,-1.732044
1622414058.120000,79.047273,1246.602704,340.677121,-0.159256,0.982178,0.099816,-0.980323,-0.169276,0.101547,0.116634,-0.081680,0.989811,-0.102235,0.099983,-1.731543
1622414058.131000,79.427043,1246.638554,340.766982,-0.158960,0.982160,0.100469,-0.980407,-0.169024,0.101156,0.116333,-0.082421,0.989785,-0.101846,0.100639,-1.731253
1622414058.140000,79.853989,1246.719892,340.911693,-0.158580,0.982182,0.100850,-0.980520,-0.168650,0.100681,0.115896,-0.082920,0.989794,-0.101371,0.101022,-1.730872
1622414058.150000,80.712024,1246.994694,340.286158,-0.158227,0.982170,0.101522,-0.980604,-0.168350,0.100374,0.115675,-0.083671,0.989757,-0.101067,0.101697,-1.730523
1622414058.160000,80.687116,1246.805305,341.041639,-0.157638,0.982156,0.102570,-0.980745,-0.167839,0.099843,0.115277,-0.084856,0.989702,-0.100542,0.102751,-1.729941
1622414058.171000,81.101179,1246.845809,341.115804,-0.157161,0.982159,0.103269,-0.980857,-0.167411,0.099464,0.114977,-0.085660,0.989668,-0.100166,0.103453,-1.729467
1622414058.180000,81.546821,1246.784812,341.347731,-0.156520,0.982141,0.104407,-0.980873,-0.166957,0.100073,0.115717,-0.086747,0.989487,-0.100794,0.104598,-1.728834
1622414058.190000,82.337816,1247.103780,340.715780,-0.155735,0.982329,0.103813,-0.981172,-0.165987,0.098744,0.114231,-0.086480,0.989683,-0.099444,0.104000,-1.728025
1622414058.200000,82.433850,1246.984796,341.419144,-0.155041,0.982312,0.105004,-0.981291,-0.165412,0.098527,0.114153,-0.087764,0.989579,-0.099237,0.105198,-1.727337
1622414058.210000,82.868886,1247.004388,341.581143,-0.154538,0.982364,0.105259,-0.981420,-0.164900,0.098092,0.113719,-0.088145,0.989595,-0.098800,0.105455,-1.726830
1622414058.221000,83.660565,1247.151823,340.994716,-0.153707,0.982422,0.105934,-0.981646,-0.164069,0.097227,0.112898,-0.089045,0.989609,-0.097933,0.106133,-1.725995
1622414058.230000,83.656295,1246.986577,341.686294,-0.153569,0.982360,0.106702,-0.981708,-0.163977,0.096755,0.112545,-0.089892,0.989572,-0.097465,0.106906,-1.725868
1622414058.240000,84.043124,1247.036223,341.762175,-0.153258,0.982352,0.107223,-0.981834,-0.163656,0.096009,0.111862,-0.090561,0.989589,-0.096716,0.107429,-1.725560
1622414058.250000,84.839722,1247.256063,341.136980,-0.153261,0.982457,0.106253,-0.981850,-0.163552,0.096029,0.111722,-0.089607,0.989691,-0.096726,0.106454,-1.725547
1622414058.265000,84.878827,1247.067989,341.906111,-0.152306,0.982362,0.108481,-0.982110,-0.162730,0.094757,0.110739,-0.092109,0.989572,-0.095465,0.108695,-1.724612
1622414058.270000,85.310523,1247.072428,341.991751,-0.151833,0.982381,0.108966,-0.982257,-0.162247,0.094057,0.110079,-0.092752,0.989586,-0.094762,0.109183,-1.724140
1622414058.285000,85.750856,1247.081446,342.075689,-0.151305,0.982381,0.109705,-0.982400,-0.161742,0.093437,0.109535,-0.093637,0.989563,-0.094144,0.109926,-1.723614
1622414058.290000,86.379914,1247.201877,341.868488,-0.150747,0.982437,0.109968,-0.982542,-0.161165,0.092937,0.109028,-0.094038,0.989581,-0.093641,0.110191,-1.723050
1622414058.301000,86.586337,1247.109827,342.213613,-0.150347,0.982388,0.110945,-0.982655,-0.160817,0.092346,0.108562,-0.095136,0.989527,-0.093054,0.111174,-1.722660
1622414058.310000,86.984537,1247.175765,342.230679,-0.150155,0.982385,0.111237,-0.982743,-0.160602,0.091778,0.108027,-0.095536,0.989547,-0.092483,0.111468,-1.722470
1622414058.320000,87.428946,1247.310102,342.203453,-0.150367,0.982468,0.110209,-0.982869,-0.160576,0.090462,0.106573,-0.094719,0.989783,-0.091143,0.110434,-1.722668
1622414058.331000,88.226428,1247.398019,342.166013,-0.149737,0.982422,0.111469,-0.982718,-0.160288,0.092589,0.108829,-0.095679,0.989445,-0.093305,0.111701,-1.722049
1622414058.340000,88.223644,1247.462457,342.268040,-0.149645,0.982381,0.111956,-0.982794,-0.160187,0.091959,0.108273,-0.096269,0.989449,-0.092674,0.112192,-1.721963
1622414058.350000,88.484723,1247.951606,341.901861,-0.149626,0.982333,0.112400,-0.982886,-0.160130,0.091065,0.107455,-0.096851,0.989481,-0.091775,0.112638,-1.721952
1622414058.360000,89.205591,1247.676910,342.061925,-0.149285,0.982353,0.112678,-0.983215,-0.159564,0.088473,0.104891,-0.097579,0.989685,-0.089158,0.112918,-1.721609
1622414058.370000,89.388426,1247.572822,342.406039,-0.149487,0.982161,0.114077,-0.983223,-0.159853,0.087858,0.104526,-0.099030,0.989579,-0.088551,0.114326,-1.721839
1622414058.380000,89.981208,1247.630516,342.233395,-0.149817,0.982177,0.113507,-0.983249,-0.160057,0.087192,0.103805,-0.098543,0.989704,-0.087872,0.113752,-1.722165
1622414058.390000,90.128256,1247.698232,342.512786,-0.149354,0.982108,0.114706,-0.983365,-0.159661,0.086615,0.103380,-0.099862,0.989616,-0.087302,0.114959,-1.721715
1622414058.400000,90.486992,1247.761163,342.567105,-0.149397,0.982085,0.114849,-0.983437,-0.159640,0.085825,0.102622,-0.100124,0.989669,-0.086504,0.115103,-1.721762
1622414058.410000,91.118017,1247.976318,342.261030,-0.148636,0.982320,0.113817,-0.983618,-0.158732,0.085442,0.101997,-0.099253,0.989821,-0.086107,0.114064,-1.720968
1622414058.420000,91.313294,1248.053612,342.752127,-0.148201,0.982352,0.114109,-0.983793,-0.158218,0.084371,0.100936,-0.099756,0.989879,-0.085028,0.114358,-1.720530
1622414058.430000,91.708226,1248.061574,342.648126,-0.148220,0.982182,0.115538,-0.983809,-0.158341,0.083951,0.100750,-0.101224,0.989749,-0.084618,0.115797,-1.720575
1622414058.440000,92.043315,1248.102572,342.651492,-0.148395,0.982120,0.115837,-0.983847,-0.158476,0.083252,0.100121,-0.101612,0.989773,-0.083915,0.116098,-1.720759
1622414058.450000,92.441349,1248.217703,342.660455,-0.148088,0.982136,0.116101,-0.983964,-0.158121,0.082538,0.099422,-0.102016,0.989802,-0.083196,0.116363,-1.720451
1622414058.460000,93.197693,1248.464365,341.958758,-0.148815,0.982187,0.114729,-0.983863,-0.158717,0.082598,0.099336,-0.100586,0.989957,-0.083243,0.114982,-1.721166
1622414058.470000,93.194457,1248.386634,342.676030,-0.148121,0.982093,0.116415,-0.984105,-0.158029,0.081023,0.097969,-0.102564,0.989890,-0.081669,0.116680,-1.720490
1622414058.481000,93.765660,1248.597061,342.376294,-0.148367,0.982133,0.115764,-0.984152,-0.158131,0.080251,0.097123,-0.102022,0.990030,-0.080883,0.116024,-1.720728
1622414058.490000,94.152211,1248.694897,342.419420,-0.148152,0.982089,0.116416,-0.984210,-0.157944,0.079905,0.096861,-0.102740,0.989981,-0.080539,0.116681,-1.720522
1622414058.500000,94.428611,1248.707199,342.698976,-0.147684,0.982040,0.117413,-0.984347,-0.157489,0.079108,0.096179,-0.103892,0.989927,-0.079744,0.117685,-1.720063
1622414058.515000,94.974445,1248.860668,342.368160,-0.148136,0.982037,0.116874,-0.984305,-0.157866,0.078881,0.095914,-0.103354,0.990009,-0.079509,0.117141,-1.720513
1622414058.521000,95.164186,1248.897549,342.674417,-0.147988,0.981970,0.117616,-0.984453,-0.157642,0.077470,0.094615,-0.104323,0.990033,-0.078091,0.117889,-1.720376
1622414058.531000,95.529417,1249.024268,342.650010,-0.147921,0.981961,0.117779,-0.984509,-0.157537,0.076972,0.094138,-0.104568,0.990052,-0.077589,0.118053,-1.720311
1622414058.540000,95.817720,1248.609632,342.846571,-0.148222,0.981872,0.118144,-0.984300,-0.158045,0.078584,0.095831,-0.104641,0.989882,-0.079221,0.118420,-1.720624
1622414058.551000,96.498854,1249.347483,342.231297,-0.148275,0.981880,0.118012,-0.984567,-0.157781,0.075716,0.092964,-0.104964,0.990121,-0.076323,0.118288,-1.720675
1622414058.560000,96.854645,1249.361847,342.499953,-0.148247,0.981833,0.118435,-0.984470,-0.157900,0.076724,0.094031,-0.105222,0.989993,-0.077345,0.118714,-1.720654
1622414058.571000,97.069747,1249.475929,342.581984,-0.148334,0.981770,0.118848,-0.984665,-0.157782,0.074434,0.091829,-0.105984,0.990119,-0.075036,0.119129,-1.720750
1622414058.580000,97.510053,1249.505277,342.687825,-0.147954,0.981786,0.119191,-0.984722,-0.157430,0.074414,0.091823,-0.106360,0.990079,-0.075019,0.119475,-1.720369
1622414058.590000,97.853498,1249.627132,342.673130,-0.148047,0.981760,0.119284,-0.984764,-0.157465,0.073789,0.091226,-0.106542,0.990114,-0.074388,0.119568,-1.720466
1622414058.601000,98.401002,1249.829910,342.451989,-0.148250,0.981767,0.118974,-0.984737,-0.157639,0.073773,0.091183,-0.106221,0.990153,-0.074369,0.119256,-1.720668
1622414058.615000,98.692980,1249.892139,342.699638,-0.147821,0.981725,0.119851,-0.984846,-0.157227,0.073201,0.090707,-0.107214,0.990090,-0.073800,0.120140,-1.720246
1622414058.621000,99.222782,1250.091802,342.436464,-0.148097,0.981728,0.119486,-0.984814,-0.157463,0.073126,0.090604,-0.106842,0.990139,-0.073720,0.119772,-1.720521
1622414058.635000,99.457059,1250.071370,342.605923,-0.147925,0.981601,0.120735,-0.984921,-0.157287,0.072046,0.089711,-0.108257,0.990067,-0.072641,0.121030,-1.720368
1622414058.640000,99.761058,1250.302843,342.509393,-0.148283,0.981694,0.119537,-0.985063,-0.157317,0.070012,0.087536,-0.107370,0.990358,-0.070577,0.119824,-1.720711
1622414058.651000,100.345332,1250.262903,342.462026,-0.148872,0.981496,0.120423,-0.984697,-0.158300,0.072888,0.090602,-0.107730,0.990043,-0.073488,0.120716,-1.721328
1622414058.665000,100.603980,1250.320516,342.011134,-0.147076,0.981841,0.119816,-0.984951,-0.156494,0.073360,0.090778,-0.107223,0.990082,-0.073960,0.120104,-1.719487
1622414058.671000,101.245812,1250.574771,341.976451,-0.148258,0.981764,0.118991,-0.985271,-0.157000,0.067760,0.085206,-0.107192,0.990580,-0.068298,0.119274,-1.720676
1622414058.681000,101.306027,1250.332185,342.738470,-0.148021,0.981602,0.120612,-0.985329,-0.156849,0.067273,0.084953,-0.108885,0.990418,-0.067820,0.120906,-1.720464
1622414058.691000,101.754073,1250.430866,342.783954,-0.146918,0.981624,0.121779,-0.985491,-0.155839,0.067242,0.084984,-0.110133,0.990277,-0.067798,0.122082,-1.719362
1622414058.701000,102.273045,1250.327275,342.953055,-0.145991,0.981661,0.122594,-0.985587,-0.155031,0.067710,0.085474,-0.110942,0.990144,-0.068278,0.122903,-1.718433
1622414058.710000,102.711523,1250.508275,342.860776,-0.145630,0.981703,0.122679,-0.985771,-0.154506,0.066200,0.083943,-0.111293,0.990236,-0.066753,0.122989,-1.718066
1622414058.720000,103.245429,1250.533034,342.946123,-0.145233,0.981668,0.123431,-0.985853,-0.154132,0.065857,0.083674,-0.112120,0.990166,-0.066413,0.123746,-1.717676
1622414058.729000,103.745846,1250.501191,342.976194,-0.144973,0.981602,0.124261,-0.985934,-0.153873,0.065252,0.083172,-0.113054,0.990102,-0.065809,0.124583,-1.717426
1622414058.740000,104.450778,1250.636213,342.485598,-0.145740,0.981612,0.123278,-0.985895,-0.154468,0.064431,0.082289,-0.112149,0.990278,-0.064972,0.123593,-1.718190
1622414058.749000,104.549260,1250.461383,343.087788,-0.145502,0.981400,0.125234,-0.985957,-0.154322,0.063827,0.081966,-0.114188,0.990072,-0.064378,0.125563,-1.717983
1622414058.760000,104.972310,1250.471655,343.189247,-0.145732,0.981348,0.125370,-0.985966,-0.154499,0.063257,0.081447,-0.114392,0.990091,-0.063804,0.125701,-1.718221
1622414058.775000,105.412990,1250.459098,343.311129,-0.145789,0.981252,0.126058,-0.985949,-0.154612,0.063242,0.081546,-0.115067,0.990005,-0.063794,0.126394,-1.718292
1622414058.781000,106.031194,1250.360552,343.496301,-0.145046,0.981193,0.127362,-0.985946,-0.154119,0.064481,0.082898,-0.116220,0.989758,-0.065057,0.127709,-1.717560
1622414058.789000,106.598877,1250.331015,343.596500,-0.145183,0.981078,0.128095,-0.985941,-0.154282,0.064172,0.082720,-0.116978,0.989684,-0.064750,0.128448,-1.717714
1622414058.799000,107.214160,1250.301862,343.668066,-0.145034,0.981005,0.128818,-0.985980,-0.154155,0.063865,0.082510,-0.117750,0.989610,-0.064446,0.129177,-1.717575
1622414058.809000,107.835501,1250.316902,343.669448,-0.144721,0.980925,0.129778,-0.986071,-0.153843,0.063213,0.081973,-0.118822,0.989526,-0.063795,0.130145,-1.717274
1622414058.820000,108.766498,1250.432391,343.047928,-0.145170,0.980833,0.129970,-0.986059,-0.154222,0.062480,0.081327,-0.119088,0.989547,-0.063057,0.130339,-1.717736
1622414058.829000,108.827913,1250.369394,343.637907,-0.145559,0.980739,0.130246,-0.986152,-0.154402,0.060537,0.079481,-0.119630,0.989632,-0.061095,0.130617,-1.718138
1622414058.839000,109.808285,1250.542126,343.028362,-0.145981,0.980632,0.130577,-0.986158,-0.154736,0.059569,0.078620,-0.120074,0.989647,-0.060120,0.130951,-1.718575
1622414058.849000,110.039793,1250.244267,343.994085,-0.145636,0.980458,0.132257,-0.986080,-0.154694,0.060961,0.080229,-0.121538,0.989339,-0.061540,0.132646,-1.718257
1622414058.859000,110.593832,1250.210432,344.134025,-0.145996,0.980426,0.132100,-0.986093,-0.154940,0.060118,0.079409,-0.121486,0.989412,-0.060687,0.132487,-1.718621
1622414058.869000,111.300194,1250.158067,343.960403,-0.145909,0.980230,0.133638,-0.985929,-0.155219,0.062064,0.081581,-0.122702,0.989085,-0.062667,0.134039,-1.718563
1622414058.879000,112.166881,1250.344411,343.647550,-0.146471,0.980257,0.132828,-0.986046,-0.155419,0.059652,0.079118,-0.122238,0.989342,-0.060222,0.133222,-1.719120
1622414058.889000,112.515873,1250.172439,344.233057,-0.145596,0.980087,0.135021,-0.986160,-0.154710,0.059613,0.079315,-0.124473,0.989048,-0.060200,0.135435,-1.718272
1622414058.899000,113.088962,1250.123752,344.307332,-0.145865,0.980008,0.135307,-0.986165,-0.154924,0.058976,0.078759,-0.124832,0.989047,-0.059558,0.135723,-1.718552
1622414058.909000,113.622449,1250.085837,344.380043,-0.146363,0.979885,0.135657,-0.986142,-0.155356,0.058214,0.078119,-0.125257,0.989044,-0.058792,0.136077,-1.719067
1622414058.920000,114.385064,1250.131734,343.844900,-0.147769,0.979751,0.135099,-0.985864,-0.156824,0.058980,0.078972,-0.124474,0.989075,-0.059560,0.135513,-1.720491
1622414058.929000,114.591712,1249.941085,344.450479,-0.147382,0.979511,0.137247,-0.986023,-0.156407,0.057415,0.077705,-0.126867,0.988871,-0.057996,0.137682,-1.720141
1622414058.940000,115.082490,1249.910078,344.485624,-0.147901,0.979377,0.137645,-0.985993,-0.156865,0.056672,0.077095,-0.127336,0.988859,-0.057248,0.138084,-1.720680
1622414058.949000,115.579964,1249.872553,344.530667,-0.148292,0.979276,0.137939,-0.985988,-0.157179,0.055875,0.076398,-0.127720,0.988863,-0.056444,0.138380,-1.721085
1622414058.960000,116.224540,1249.892629,344.329444,-0.149055,0.979183,0.137779,-0.985931,-0.157829,0.055050,0.075649,-0.127635,0.988932,-0.055609,0.138219,-1.721861
1622414058.971000,116.544737,1249.676917,344.600965,-0.148661,0.979055,0.139111,-0.985930,-0.157615,0.055673,0.076433,-0.128878,0.988711,-0.056249,0.139564,-1.721486
1622414058.979000,117.000769,1249.609636,344.687326,-0.149015,0.978925,0.139647,-0.985918,-0.157925,0.054995,0.075890,-0.129485,0.988673,-0.055568,0.140105,-1.721860
1622414058.990000,117.659146,1249.851445,344.280306,-0.150690,0.978875,0.138187,-0.985950,-0.159006,0.051190,0.072081,-0.128532,0.989082,-0.051709,0.138631,-1.723539
1622414058.999000,118.026363,1249.692345,344.457763,-0.150585,0.978684,0.139647,-0.985830,-0.159220,0.052806,0.073915,-0.129717,0.988792,-0.053354,0.140105,-1.723464
1622414059.010000,118.585874,1249.698553,344.392145,-0.151210,0.978619,0.139429,-0.985933,-0.159471,0.050048,0.071212,-0.129900,0.988967,-0.050563,0.139884,-1.724098
1622414059.019000,118.980642,1249.422496,344.713958,-0.151027,0.978355,0.141466,-0.985736,-0.159802,0.052806,0.074270,-0.131473,0.988534,-0.053368,0.141942,-1.723956
1622414059.029000,119.389012,1249.341789,344.708135,-0.151591,0.978225,0.141758,-0.985714,-0.160259,0.051807,0.073397,-0.131879,0.988545,-0.052360,0.142237,-1.724539
1622414059.039000,119.798583,1249.224379,344.666592,-0.152308,0.977955,0.142854,-0.985623,-0.160992,0.051275,0.073143,-0.132991,0.988415,-0.051830,0.143344,-1.725296
1622414059.049000,120.232651,1249.199918,344.805439,-0.152502,0.978061,0.141917,-0.985718,-0.160905,0.049686,0.071431,-0.132313,0.988631,-0.050215,0.142398,-1.725473
1622414059.058000,121.007788,1249.426680,344.093313,-0.153141,0.977998,0.141663,-0.985897,-0.160995,0.045684,0.067486,-0.132669,0.988860,-0.046166,0.142141,-1.726121
1622414059.069000,121.111360,1249.102374,344.994154,-0.152618,0.977881,0.143023,-0.985904,-0.160688,0.046613,0.068564,-0.133893,0.988621,-0.047115,0.143515,-1.725618
1622414059.079000,121.509287,1248.920615,345.085581,-0.153647,0.977707,0.143116,-0.985796,-0.161609,0.045706,0.067816,-0.134060,0.988650,-0.046198,0.143609,-1.726672
1622414059.089000,122.330141,1249.043663,344.675094,-0.153009,0.977756,0.143459,-0.985784,-0.161211,0.047337,0.069411,-0.134177,0.988523,-0.047850,0.143956,-1.726028
1622414059.099000,123.010819,1249.059390,344.445260,-0.152653,0.977715,0.144122,-0.985997,-0.160578,0.044991,0.067131,-0.135236,0.988537,-0.045482,0.144625,-1.725678
1622414059.108000,123.134244,1248.883056,345.024350,-0.152148,0.977803,0.144054,-0.986065,-0.160096,0.045223,0.067281,-0.135166,0.988536,-0.045715,0.144557,-1.725160
1622414059.118000,123.478919,1248.974551,344.888517,-0.152118,0.977727,0.144602,-0.986185,-0.159856,0.043422,0.065571,-0.135999,0.988537,-0.043898,0.145111,-1.725142
1622414059.129000,124.345862,1248.851910,344.523392,-0.152768,0.977517,0.145338,-0.986116,-0.160467,0.042739,0.065100,-0.136791,0.988458,-0.043211,0.145855,-1.725825
1622414059.139000,124.356063,1248.621734,345.171473,-0.152597,0.977463,0.145876,-0.986236,-0.160121,0.041240,0.063668,-0.137575,0.988443,-0.041698,0.146398,-1.725661
1622414059.149000,125.134974,1248.694025,344.594551,-0.153030,0.977371,0.146038,-0.986185,-0.160520,0.040890,0.063407,-0.137763,0.988434,-0.041345,0.146562,-1.726108
1622414059.159000,125.521936,1248.578453,344.661329,-0.152959,0.977313,0.146501,-0.986271,-0.160303,0.039642,0.062227,-0.138426,0.988416,-0.040085,0.147030,-1.726047
1622414059.168000,125.553589,1248.348854,345.234405,-0.153335,0.977199,0.146869,-0.986294,-0.160508,0.038232,0.060934,-0.138993,0.988417,-0.038661,0.147402,-1.726440
1622414059.179000,125.961863,1248.268097,345.236443,-0.153378,0.977142,0.147200,-0.986332,-0.160461,0.037438,0.060202,-0.139446,0.988398,-0.037860,0.147737,-1.726492
1622414059.189000,126.386297,1248.245150,345.271285,-0.153106,0.977155,0.147397,-0.986420,-0.160092,0.036683,0.059442,-0.139779,0.988397,-0.037097,0.147936,-1.726219
1622414059.199000,126.758845,1248.261299,345.149803,-0.153495,0.977137,0.147116,-0.986488,-0.160159,0.034507,0.057280,-0.139831,0.988517,-0.034894,0.147651,-1.726610
1622414059.209000,127.349679,1248.169434,345.054599,-0.153487,0.977097,0.147386,-0.986434,-0.160295,0.035411,0.058225,-0.139951,0.988445,-0.035810,0.147925,-1.726608
1622414059.219000,127.594078,1247.986113,345.342593,-0.153043,0.977037,0.148248,-0.986561,-0.159744,0.034331,0.057224,-0.141002,0.988354,-0.034721,0.148797,-1.726174
1622414059.229000,128.003696,1247.919248,345.390788,-0.152875,0.977006,0.148623,-0.986618,-0.159515,0.033760,0.056691,-0.141473,0.988317,-0.034146,0.149176,-1.726011
1622414059.239000,128.396430,1247.838364,345.421429,-0.152804,0.976981,0.148862,-0.986669,-0.159353,0.033036,0.055997,-0.141830,0.988306,-0.033415,0.149418,-1.725944
1622414059.249000,129.149734,1247.910998,344.820034,-0.152742,0.977016,0.148696,-0.986683,-0.159273,0.032985,0.055910,-0.141678,0.988333,-0.033362,0.149250,-1.725876
1622414059.258000,129.132616,1247.636763,345.559853,-0.153739,0.977059,0.147373,-0.986629,-0.159960,0.031257,0.054114,-0.140597,0.988587,-0.031607,0.147912,-1.726866
1622414059.269000,129.645981,1247.709307,345.314689,-0.152820,0.976964,0.148956,-0.986816,-0.158983,0.030315,0.053298,-0.142360,0.988379,-0.030661,0.149513,-1.725962
1622414059.279000,130.023089,1247.648071,345.312628,-0.152816,0.976971,0.148910,-0.986861,-0.158857,0.029484,0.052461,-0.142448,0.988411,-0.029821,0.149466,-1.725957
1622414059.289000,130.389756,1247.580715,345.363699,-0.152801,0.976947,0.149087,-0.986875,-0.158817,0.029247,0.052251,-0.142662,0.988391,-0.029582,0.149645,-1.725946
